0.16568653813513265
0.056431610942460374
0.11627687879403455
0.13968088563078235
0.13930720473287866
0.14678544864363763
0.10189717683060316
0.0896867653066004
0.12187934912546132
0.14243958192799488
0.15351155603131858
0.1600832596638641
0.25620948904590085
0.16229854724583176
0.17701501781534557
0.09409899793958128
0.14122340957051535
0.1217608786459998
0.13729934080151804
0.09627347267065042
0.16414805586815986
0.13325092279884543
0.1909987634390441
0.14270361283959676
0.1527694247928548
0.10063740348536097
0.11096037857225216
0.16871265763477164
0.1026010460684445
0.15356664915675097
0.12235803903046384
0.14539020907344036
0.1475670775673634
0.15279490789162348
0.11521071009884255
0.1810713525915353
0.1460393625609218
0.14619944467304627
0.16636509201908636
0.1304163106147569
0.10706929682625352
0.1708603861159423
0.11579589506144679
0.2086541112597807
0.13382273372334974
0.15811904379852484
0.09722373368004225
0.11019686970693951
0.13177766492084225
0.1967363407894216
0.10065450332638157
0.2087867532621388
0.13240317664830953
0.17848191188513207
0.14371502471992878
0.11284096428282103
0.13748644985556385
0.1270188303074682
0.1570805921138011
0.12917817260975098
0.16748430693575608
0.16173987172206047
0.1021724990103118
0.17643983960239173
0.11989865027055943
0.1316520276027324
0.12671674144042996
0.11328602838179239
0.09076219902407248
0.15907350476583446
0.12822636628850395
0.14378547362599853
0.10915479537436076
0.14558298119209528
0.14655593209168855
0.146809714251937
0.11163424383239022
0.08129981304442316
0.1525349879650746
0.11750014746178941
0.17634766840501628
0.14070308171396023
0.11744919624222869
0.0862037186074759
0.13191168462246905
0.12431557348162245
0.11629968653793502
0.1688888713635967
0.1464786521532353
0.11549720026703217
0.12550548731421943
0.12256898142133542
0.11033441568204647
0.11097588693474651
0.10482172580147948
0.1334606886729734
0.11221832473048497
0.14684206851157555
0.10109955245710475
0.11114020035805412
0.11409782133237496
0.10850057559817107
0.1956871759367409
0.13194740171730157
0.1316612836920401
0.08237246422104702
0.1215415933380394
0.12582350319776725
0.10889162405624969
0.13434814112566182
0.12403639981977277
0.10012219428254743
0.14660255688006188
0.1291113168678393
0.09930579894962252
0.12007789735463312
0.15366468326073685
0.1017556332441515
0.10790595432425373
0.13986376609462103
0.16109711793050593
0.16076393211803
0.1182787507362644
0.1379806097692806
0.13622526805437035
0.10463308441055032
0.14117483995246843
0.1623226595688938
0.14729599940002644
0.13835670952850287
0.10180371815495222
0.1592270236930318
0.10519798945979289
0.11210490871563446
0.20385853731615933
0.1501679961032527
0.13054477694759173
0.11577195531175491
0.19703994482006829
0.1685767677363675
0.12808295408080567
0.16669022928473043
0.14228410587628756
0.110920670472601
0.142660378740499
0.12035488106184196
0.12108258660715115
0.13751294723304636
0.10781240996143275
0.18891100273789868
0.1408132086489824
0.11168554133135976
0.12508950098606034
0.0998202875634958
0.12218029357384083
0.17005826654325515
0.1138453204040679
0.11743793730175227
0.1180886735821039
0.13639949989141673
0.1780325898905452
0.16782019184368321
0.13185417665364274
0.16032225914938136
0.17363452470568622
0.09373732985610743
0.14476952907525814
0.13216039094093876
0.12434855076867898
0.12672125701626638
0.10370065415209943
0.08394271466447957
0.14580842671683997
0.22828431621255513
0.1481524162912595
0.13133111342540224
0.19634551349481824
0.09511876474280477
0.18889485064400727
0.14908483149246943
0.09723193624312651
0.22425022473796943
0.11141010446703643
0.11974619922593299
0.15446019026163896
0.18614141973200168
0.15036385666093505
0.11360363473433056
0.11204222426634988
0.19522302917856205
0.12851924971488574
0.12137798950945522
0.13184888894817418
0.11775145469913102
0.20723174720599097
0.19646017245187225
0.1894925329364911
0.12231126293959287
0.12029711389234594
0.1094764558988912
0.0937027366443785
0.1309859126282551
0.0964189364138135
0.18273252261844264
0.1565168770904254
0.17773894158122827
0.18034726970872167
0.17400378087883095
0.12271123704140667
0.21253668021457012
0.17725493477959306
0.14981063665108338
0.12194409556373793
0.10923476857734091
0.17552804753668752
0.12353520302462052
0.15103401767170196
0.18649388291771385
0.16494838024774122
0.09023237684030133
0.11323501338715454
0.08571860748353324
0.11368140793000597
0.1770291717132141
0.12110686921642698
0.18706251934334817
0.23431894210692134
0.21684576641245873
0.17848087050919845
0.10224216290378113
0.18177680432694784
0.09938856678482648
0.11940072309383677
0.09492439407788969
0.18538594998869842
0.08052396400368073
0.22460367929737324
0.10693141849773885
0.2185572234171419
0.14475814891343006
0.10005117675916408
0.07958649395050432
0.1439145498375298
0.14993891486395747
0.17519584525503468
0.16356207970179773
0.11592924759328045
0.11793410060630262
0.12015317136896915
0.1256838293027051
0.15041736552162138
0.16957643017368101
0.1734592523651631
0.1472829520342074
0.1666931148020918
0.16025620152059536
0.1462622395863706
0.1657890384737744
0.2383285258663775
0.1362833441125598
0.10532958995238036
0.19117507678244777
0.08835821420002274
0.09746758628342851
0.12347710061048721
0.18019215585953022
0.21459478293119202
0.12370959217028638
0.11158189127130494
0.14010518116809437
0.15212884717954384
0.14042929883189878
0.10733580544759519
0.1333187236682113
0.14608620326968225
0.126260936890189
0.20440082081057484
0.10632448235013175
0.11896596032761785
0.13230460074687864
0.13494463820431143
0.1545532359714447
0.13649008979866317
0.16737247425287866
0.0654436976777205
0.11620015347991895
0.12753163051565683
0.13357328019377399
0.17152765209849377
0.200597939403734
0.15471729662247086
0.14917344280928965
0.15621038640742801
0.1506513855871747
0.14482095100396675
0.14163226590121952
0.11122390811136373
0.16550087815918854
0.13176108749488144
0.13966075622629734
0.12627935233063195
0.14206666683191926
0.19655011396298253
0.13616121835405187
0.1091169889614448
0.09189383902226582
0.08938502884143694
0.17818980031941467
0.14608594819623405
0.10731129595365374
0.20437434097342336
0.16286919114435613
0.13651611175646136
0.183288008465175
0.15784722068694435
0.19427383717541455
0.12182753156694562
0.10906636447933721
0.17548687520813144
0.15919756890287848
0.10689364677752732
0.16219651528174892
0.13139234100717045
0.13199931546716126
0.16034171382567783
0.12957901904093308
0.21181091558955423
0.17607593739304497
0.1240680733703726
0.17270635040412552
0.1446899192685737
0.11610420643738356
0.12945179029523782
0.18412487029370617
0.16268678651682636
0.17199888434048438
0.18892817116306096
0.11757355855766688
0.1274911860089401
0.16641359689175764
0.1101560807623455
0.18575862714419866
0.14347590372641944
0.19546576553860676
0.23992287872799076
0.1719269143005665
0.07289547464635761
0.10580399029443066
0.1498829205367852
0.17411602600517287
0.1266727203952217
0.17364963531401148
0.12863173190136554
0.19041067710471463
0.15811957518225997
0.16305035040545804
0.10802577762531816
0.12400042234777042
0.10896217337782327
0.10639640082089202
0.1461003695792052
0.11325343537915025
0.10526974477626182
0.15054592926778912
0.10147213081171227
0.17970702422383342
0.15700558718914792
0.1104607107972561
0.13800900993328485
0.13830431897609924
0.15967196113441467
0.23991704508293157
0.2030395354272972
0.12085816986958786
0.1568285528147162
0.15642388625876796
0.12331697063798723
0.13388280182532178
0.14552479915229902
0.12138016906757856
0.16450176481420178
0.2515672667119282
0.14024697308200215
0.16311768159063852
0.14084118208463767
0.13459779987684817
0.14889213558102724
0.1595049086771309
0.10641700225127954
0.14116038510613907
0.1382025265958666
0.09582183504118992
0.10354445406306684
0.16335876600278207
0.11485936707061592
0.13232806328085608
0.07943408322488998
0.14807222111006446
0.1471610337284597
0.1847100777712892
0.14323501915524028
0.1333502216596607
0.07276295366372613
0.13648607426138729
0.1876420255107417
0.08974765136810559
0.1684642286209724
0.12982798557494807
0.165868868006656
0.10229040919312236
0.09008690364524673
0.12408639317366058
0.18508917329515304
0.10872905413562468
0.12072911376568456
0.138932213766854
0.14981727493667465
0.1735905493421419
0.1254978603797801
0.1457818204995795
0.14261359907229335
0.22639362197116672
0.1304946091827486
0.10201423388174242
0.09888080713745089
0.13264383828576234
0.14656830218830075
0.10261314983252723
0.1169457625771902
0.16140929067814896
0.16735520489265213
0.10906274840027455
0.19096271075763696
0.12665002476756176
0.11377371310615486
0.12623168822065614
0.1652452088343337
0.15701304547312941
0.13423815125160346
0.12986697726414942
0.1053975820207247
0.1250924602553445
0.09333144439442531
0.11403783007303514
0.17409490058724567
0.14895054505357316
0.15434243911703063
0.13074033459052925
0.17504315056007247
0.1430262764340213
0.17936831921491367
0.07997241759128959
0.19705078583330599
0.14059353887983803
0.20977958542073288
0.140240685725018
0.16113719344172214
0.1712505858538199
0.12054123182866835
0.14008096170657694
0.08935563390494658
0.11062007887044585
0.11939367137234659
0.11143781082196344
0.12634111535978804
0.08948578851415144
0.13269450767809382
0.1308006869411445
0.16258450911241118
0.16023496016113825
0.12263801599090142
0.12380709692316336
0.12172080556899353
0.2279637483046155
0.18795378983415995
0.09370164654053878
0.1368029308981341
0.1341858445799598
0.13182906414782453
0.1392233665473445
0.21906487139849629
0.15163532661741774
0.09825315519298541
0.1804900396309159
0.15296160584446633
0.1651976980696965
0.16050951635853272
0.11166939228564422
0.162213152754357
0.143823879459744
0.15362962386347748
0.0964546306202118
0.07187413866497136
0.16697228128686
0.1395546526163887
0.14594106732582376
0.14771270822958335
0.13114937649115987
0.20721342130941067
0.14756918607706043
0.1073519483657134
0.11971455164838542
0.20732775444378232
0.16749928168872896
0.12516820952839297
0.1944254193945736
0.1356466780836272
0.13051539287727992
0.16684474691343784
0.17352517608663348
0.12647633349094672
0.16367193894766852
0.12276000574221256
0.19888688204201505
0.1502691413286951
0.13482233086029485
0.1407671454913928
0.1326546016772608
0.17896367677273345
0.2368282189902018
0.1770841653993135
0.17952828013950045
0.08926201986448118
0.1487954928139289
0.10528269125612603
0.07892747885152551
0.09431149143489084
0.17454704083491485
0.20081027947192384
0.09356733633640338
0.10257699393109158
0.125178606248707
0.1880585934212922
0.1441853012859918
0.12984981958632114
0.11117943339987513
0.1318869539883937
0.13642994424318375
0.11549754164984843
0.24087630236991364
0.11626207783025005
0.10992255191874943
0.19193927724909032
0.16122197727437856
0.14545902136605163
0.14977544704162965
0.13234972543332035
0.11146421831005052
0.13725882900396744
0.2024626018499563
0.22006193409712363
0.1831263125119762
0.11372075141789627
0.15030380152094094
0.10456284247225323
0.11851988118841597
0.15508326439219478
0.09031165774909093
0.11720287136399883
0.147958274931679
0.12906655043501722
0.19827400072417983
0.15639090338651976
0.09944594642438297
0.13405739434033948
0.1500793748435457
0.1298300351491617
0.12342588450169241
0.11944042424150707
0.1271504886145577
0.20335777931226798
0.14699973256204685
0.1397474969710001
0.11860108957371501
0.17613005448047578
0.20975209573752834
0.10411071804499793
0.12479315411093186
0.13569557445981678
0.16057697430884044
0.10777170997880449
0.07436805184628438
0.1375069085107461
0.07920600395537793
0.10345218783238938
0.1774520220295603
0.10516071572541609
0.10193896278941274
0.1404793111686556
0.15312563084347808
0.1607189735798811
0.09785109739375265
0.1292341954928075
0.17756562328845482
0.09172814199200247
0.16337625214421242
0.08748417789212845
0.10760743978801739
0.1008927490728606
0.18745688535466098
0.13134117713151827
0.10339297967249796
0.1359024243550651
0.10193321859528327
0.1084056527270837
0.1621232721674306
0.07759944743072844
0.09117731140795571
0.21220842221861033
0.11422691742412772
0.12749825206775123
0.1575649248123721
0.16543542507640416
0.25322171208501326
0.14334276820884467
0.15275046131657607
0.1764204941566663
0.1382032816482596
0.13620445523528973
0.1905509852943307
0.11226236986738264
0.1410482594521104
0.09805881036550768
0.18796165142149915
0.0650670082165722
0.1575781660376283
0.150144846983456
0.13025088391349485
0.10665597863529096
0.18017212712275033
0.13148624873870915
0.1740649620779559
0.1290925617459725
0.08992447857063554
0.15599478770094727
0.1311297832567248
0.15053977901040302
0.17393892443064726
0.13149266675831456
0.11825081520666249
0.22881524148140478
0.14165338155989923
0.09945183420633065
0.1490504641719508
0.11566272455649979
0.13899291571418954
0.17043183654005947
0.10559519718392754
0.11081726525452193
0.12986579907177548
0.10175443504354406
0.1426891639615193
0.12409718552166624
0.10088657263760707
0.1465626101626405
0.167283967828872
0.17248884001830156
0.10585794518708838
0.17618755998306182
0.15343567192959784
0.13019352772794887
0.10017676597697744
0.12922605172087098
0.1306701300997073
0.14581801140834397
0.29016787889694934
0.18000808775826577
0.13124076552024905
0.14390682506586536
0.12137958097523438
0.09799909919398173
0.14817366719847078
0.16690190224576737
0.1384019632127659
0.1395244027301969
0.11416761767308842
0.10386914019528459
0.1566461858854557
0.16574150821312592
0.164145675473753
0.19762185454673883
0.09822397723759042
0.09565137028676261
0.20077074604411024
0.12203529751739421
0.16991582899240293
0.16112959842013924
0.18996905192142743
0.13056368946165406
0.1725479740479925
0.10852782399220631
0.19845440445705562
0.11381586661314766
0.15173886056416083
0.17127509265961402
0.24890582106930523
0.17163905461997955
0.09810415511417915
0.10886579834031837
0.152491823468808
0.13850020144246067
0.1461034331047139
0.17841294057984472
0.10644838899233178
0.12069214927525958
0.164021137688886
0.11722663316783823
0.18347347423873003
0.13011126516469695
0.1925801702344096
0.21277187882288295
0.14528167205411227
0.11149753083034421
0.1718840728285842
0.12921895603964115
0.13534371339362058
0.09228460938106783
0.15055462886206983
0.11542209779131991
0.19384836761988053
0.1726934875502697
0.17397360568653814
0.18719586430112464
0.15754324368264844
0.14355272401334998
0.1526386028407089
0.12308563108477448
0.11015130138501714
0.18464760608402317
0.13623551913199958
0.15012580287706037
0.17267331493838603
0.14576171407796337
0.1587685245500991
0.1723058393986445
0.1167377916763087
0.11385500297642533
0.16260393202595044
0.14948716909493304
0.1601416578945717
0.13831629227669445
0.12471128040399455
0.18646647778176229
0.09827894276868122
0.1318316341536705
0.17784336156486824
0.17958740597759607
0.12040101206270504
0.1484585889894141
0.16545610757458598
0.10434818849973394
0.0664339041254903
0.17303710220929852
0.16750083906536772
0.13458570931168395
0.1561056640589746
0.10696047119121369
0.1240575759537507
0.1817495230332189
0.15587836477373804
0.19356443424404937
0.1286729696099307
0.1654935716666319
0.10779437106379143
0.11945393449467695
0.1514756862491975
0.17813496916136365
0.1433671386755435
0.12084734542161696
0.10907905810405238
0.1555210028352141
0.13923508969562312
0.12337862338311426
0.09706640145722943
0.13373092750018292
0.18339616633902028
0.11924612092999465
0.11313794005672174
0.1270295634008129
0.1234087553839558
0.15904523352166927
0.12785812953751122
0.15348086249883952
0.1713972184734741
0.18388288028713567
0.11313837552010367
0.13473815636256872
0.119665835983649
0.09121531675967927
0.11405743566148027
0.15335400216334524
0.1321911982151016
0.1143797582058121
0.16156171861842586
0.11377613702567439
0.14420656723766417
0.09099350944765787
0.21987503480809323
0.17733809108808704
0.11451317657947999
0.18415233335356082
0.1265322488715702
0.13358664505628703
0.13239180743634527
0.15204853602868784
0.14857737801029627
0.16485495662008892
0.15522835239133043
0.20578453954147827
0.1421562697218554
0.16931976175824748
0.13662035132572914
0.13238406191207042
0.15058172184091687
0.18650727374626225
0.1546809887574817
0.14878590396819769
0.09346173939939889
0.09437562295082627
0.11200886620812928
0.15971179242153344
0.2666467686452593
0.10696154200073144
0.1268134564552487
0.12455667565766099
0.1215348386374229
0.12225797701820794
0.17561792651243344
0.10694857281030934
0.14459459742858996
0.08880549842681053
0.21965345287658883
0.13812936812122206
0.15503168843463022
0.10925044908263296
0.15161304644981133
0.13588049892289145
0.16190786650423597
0.1373915135789514
0.08903782933864561
0.11237252149933018
0.144144072471054
0.11694786273246474
0.19440838973508004
0.14005820285589124
0.2044276418044704
0.101456373486815
0.16667666777738024
0.09567032946363145
0.1430945745322696
0.18822076422954215
0.10209199821362526
0.18721869972383248
0.12503776477021483
0.15983525690036496
0.1757736350733161
0.1497853254289548
0.11394412617650529
0.23001290025811238
0.1360827242240953
0.19077964457944793
0.1355658248084908
0.16359818567044285
0.12524790177463252
0.11122711814528985
0.11164266064305876
0.1423630780128068
0.13726542485288995
0.0944521113813722
0.17820316125228342
0.14365736761223574
0.11167988697917164
0.10132015382635502
0.16983690185392497
0.139919558168261
0.17184953803601394
0.13961465069518436
0.13974672401910718
0.09314245868385257
0.2450832098405457
0.14750837851004556
0.1272747604739566
0.12779781928924633
0.12900403884003353
0.16435333675479774
0.11860629052611588
0.12601296755721572
0.11872596993314813
0.14369708081175392
0.13896588261422485
0.12506225518437458
0.11805201476375946
0.23246214409860297
0.09523989156563323
0.15787630874042213
0.18919192742451385
0.16059813862482128
0.1250100673844061
0.1570566126053724
0.14490365686625375
0.15512219832807364
0.14081594917462828
0.11570435893993924
0.12678532207916163
0.08637906988957848
0.11824420315624858
0.13214813763919928
0.14481448481754305
0.18215211691385239
0.15324092420535199
0.10172462121769113
0.1367539250515803
0.11551366548870849
0.14531587127174747
0.15886032670287967
0.1428668568454942
0.1069857289434704
0.12861867693105097
0.17140406146232176
0.17215928571112163
0.12383232644331627
0.15625478330708362
0.1181945780185145
0.08858063721012087
0.09072664107170386
0.18773871784145388
0.16929390658467272
0.2062769010204788
0.16924980333555098
0.16726922989082263
0.10801294530446366
0.1954668301613089
0.13393060921166455
0.17993342478330115
0.09965478769966994
0.10518246278394804
0.15946401236467087
0.2280194575988526
0.07869104249163697
0.1303467373378977
0.08717605677548189
0.17915705579254684
0.1418035390181126
0.17777705756691126
0.1638070304836454
0.11755801523433569
0.16629426298477773
0.19490254655620265
0.15307605230120985
0.1015725803728818
0.11095383303956013
0.141257979464664
0.1313722518568223
0.17368464581315812
0.16042638104910056
0.1314120373824179
0.11314262050237472
0.1758682160075711
0.15926373709965944
0.1519721324167797
0.1525473645161511
0.11121451136975265
0.10351311682168567
0.10224145416113153
0.17270422379342731
0.14734736752800923
0.15540460437811826
0.1787319724985977
0.1260367143899827
0.1392469209203735
0.10399004856757758
0.19223711524409898
0.16629123223081074
0.22195778166252436
0.13659862364248396
0.16402788367077675
0.08311173719909083
0.14842032793018137
0.174258399226384
0.1872057019783621
0.17860486828598315
0.1612495199202563
0.14426924071573788
0.1423250619371262
0.18163292854777546
0.13331397531327777
0.14407704280162484
0.15205614150670552
0.1577708441074958
0.1682215850092594
0.1534602412149778
0.14437530345217545
0.12956255726571325
0.14147734021419361
0.10110423507089747
0.15613322961449277
0.12351935877567462
0.25763381472450275
0.10472007677245176
0.11317135576555871
