0.15028987857465545
0.05504361554621454
0.10601064989235161
0.12098383562383574
0.12492953738951011
0.13261109245689995
0.0818906301684401
0.08968676530659975
0.11626951609667727
0.11726429538113543
0.13530178666559364
0.13083107403393154
0.19979145978273477
0.13044807679911385
0.14656982563852744
0.09236928325875957
0.12590950448275337
0.10440698615918083
0.12877354040426364
0.09504102541025383
0.12690862580369627
0.1322404300642297
0.16459404696416663
0.13203918134803522
0.14514011572435853
0.08573583135363042
0.09920980869889205
0.14586462125147942
0.0960910271277198
0.13358597774320527
0.11177127647576812
0.13383159000190628
0.12628016618284332
0.14307643833342287
0.09701183271384871
0.16040053267789847
0.1292546133101864
0.1292827583332457
0.12385229814733477
0.11811064017933155
0.1033367747466908
0.13687369072257044
0.11211155960441278
0.18251702317603843
0.10722807510686003
0.11968894469587142
0.09461937225176613
0.09745359493427412
0.12370815668166936
0.1766854542115115
0.08805446574375188
0.16890283363436093
0.12756133889701124
0.14300348649027902
0.1327460007730211
0.11250963017289223
0.11651182772064035
0.11226044919854725
0.1422750401068269
0.11923200788712325
0.14302467622113546
0.13935476422639997
0.09766673171474773
0.15754338959172323
0.10338789374880418
0.11533606047641705
0.11493763624404804
0.09593433274868404
0.08840477409355524
0.14599494740354085
0.12267104487219485
0.1261798020202883
0.08745512403556027
0.1360722626023566
0.14508372228364497
0.1394165795804185
0.10467016079206164
0.07718155557612551
0.13379535154641248
0.11432315833541733
0.15216358359122048
0.12463266019530311
0.11661939746062128
0.08341137775325834
0.1292712638637745
0.11783120903615318
0.1078008140912785
0.14593038732273403
0.1356800111992019
0.10776010374198307
0.12087814978665011
0.11742473220142406
0.10654724539960267
0.0997341150671375
0.09626895504587706
0.11406974844028035
0.1027184792384641
0.13092874716584213
0.0994230652239985
0.10627679340828673
0.10084651710337349
0.10157299633803536
0.16708392022306626
0.10066356339503787
0.11617456704280052
0.08237246422104713
0.10983105975366442
0.12203983004912397
0.09913614029615632
0.12207363416254814
0.11835539062985509
0.09202391702021515
0.12707495942438807
0.11974279649432136
0.09930579894962249
0.11054417362884521
0.13908386691377198
0.09772269152088635
0.10068350281698102
0.11866918572798854
0.1484500418485967
0.12825820300994192
0.10907106297174075
0.12483238135680032
0.12588341852736892
0.09429975553916892
0.11867318499314507
0.1554264937621564
0.1365173960663736
0.12721539682790628
0.09032526094183077
0.14555221563677156
0.09549663768430053
0.10426214356477367
0.1650384041079498
0.13857554342394723
0.12073556293832909
0.10861501995212733
0.1557265693895575
0.1491674595386776
0.12054928018944483
0.12858295019602334
0.11952618153200634
0.09964091788391655
0.13355390837399958
0.09886761313060621
0.11180702004905584
0.12406023281324849
0.08667667561406873
0.1547168753406952
0.13082079844422803
0.10344595140366192
0.11023081087570721
0.08979675109321446
0.11655125814768472
0.14292574435980035
0.10529475112805674
0.10752502539905703
0.1143517709783704
0.12321961121009736
0.15212703085182105
0.1424218574656991
0.12817527999994283
0.12738878858336983
0.1575411389503691
0.09186049504081609
0.12920523038247955
0.124053705243041
0.11113997629860761
0.10262423262345148
0.09239042738066106
0.0820733128830617
0.1347953899199692
0.18469804911077692
0.13046767833788198
0.1086437196537937
0.16676715199919492
0.08812605116918891
0.16883030881353073
0.14442027835920987
0.09468864275530481
0.1711278520179069
0.10116793146320063
0.1097836434025677
0.11680547149415435
0.1747896943950147
0.13391280844555126
0.11285819929002505
0.10764421150134659
0.15669831345620702
0.11650211271824665
0.10580007950839034
0.11914836697979013
0.11193842677434278
0.16555677245063682
0.16593907563137028
0.18067707267699126
0.11107979075503152
0.1024515539593464
0.09617319336650422
0.08642596221850367
0.11189095567614027
0.09354493274552877
0.156779264322457
0.14363214441663247
0.14289079491177556
0.154421932352259
0.1390340537782164
0.11469738871785923
0.1544368155523762
0.14517490747199868
0.12773359218332062
0.11534762894493185
0.10169300090362275
0.14843138849907286
0.11287044468890887
0.1416374683644826
0.15159957588762688
0.13924828215963234
0.08593514116338849
0.10430116267193612
0.08571860748353338
0.10844502596610019
0.14268440266484744
0.10122010014756326
0.16238509686738928
0.17332661452548706
0.15956538468477027
0.14434502527810683
0.09192193961330176
0.14608000670125057
0.07936520990456995
0.1158109108241053
0.09285594029168867
0.1485131876897333
0.0722498248744525
0.16432530265099368
0.1002371347524453
0.17782005328543607
0.1151839012359332
0.09579547701933082
0.07754467137427264
0.1317496015062918
0.13230857844963034
0.13728604043534115
0.14169564011926744
0.10820760121415104
0.11310124811217935
0.10785830689868722
0.11683357707014183
0.12911902684191753
0.13900384215092507
0.1431034075441697
0.13609802655332598
0.14766742365268576
0.14503257571274386
0.11827787778701236
0.12900834662758542
0.15709819392512003
0.1089685443912925
0.09291051746972663
0.16939069934139414
0.07416089529332391
0.09479934101229238
0.10851234795809174
0.14792259576805292
0.17070934279054426
0.1143061396761902
0.10047511123506368
0.12736910630912707
0.14252945352350851
0.12025485981257801
0.09720674666703663
0.1238277809469612
0.1300540131881597
0.1104630291011943
0.16833480815288263
0.10534777689912242
0.11109165643415228
0.10336718071939943
0.11079628938901769
0.13203367091751889
0.11534211047191201
0.1559059355388719
0.06544369767772028
0.10606216442311284
0.11057959382555717
0.13088819149103312
0.14960195589682154
0.16190788548745536
0.12547970729616073
0.118865200730446
0.13411240090504892
0.12352148835319879
0.1323488536982987
0.12436819918757366
0.10318098165764596
0.1582948617714436
0.12416612161202245
0.12375178616382383
0.11945494996369292
0.13089219749259706
0.1614707114634893
0.10766859722003827
0.09890896265193352
0.08520806057509148
0.08475099556572953
0.15959283741242639
0.1381943693883371
0.09690839500181433
0.16764846799200342
0.13318031906301658
0.13092086694902982
0.152666581271367
0.14440124855645206
0.16551815232475953
0.11615313628754308
0.09918844105022996
0.15281068259558736
0.15250606445727755
0.09900953536165484
0.13929699320834069
0.1303917242894359
0.1257073879550518
0.13122917567867837
0.11092463218982564
0.17186946282218232
0.12818776745792163
0.1082780841937942
0.13523960688522788
0.12325185283214977
0.10382420936920693
0.11384447124903928
0.17848064923446755
0.13840426997031294
0.15665835930849212
0.1564428482387497
0.1056167183463532
0.11736417814192779
0.12891459210759512
0.09767556330510153
0.13522055673423514
0.12694736403608686
0.1872364087948629
0.14581335552529118
0.1502311526885419
0.06836034573549796
0.09924149742474798
0.13719765669121287
0.1388517167447605
0.11655334265148541
0.15222640844838273
0.12814365904469804
0.15221075300223819
0.12865809612928938
0.14075966712324306
0.10131686524627377
0.10950681229660347
0.10127665413394281
0.09694416420241003
0.12504364316817534
0.11325343537915017
0.09063241239013234
0.12449205607036246
0.09842113624485581
0.1469278527683394
0.12700086149151865
0.09823019720789584
0.13339621969596746
0.11921767519917728
0.1473261012697187
0.1869775311544373
0.16829659876414352
0.10519007533077698
0.13574355518725578
0.14842900543479248
0.11861442072914416
0.12380623698823871
0.13035854598513427
0.11399257891104783
0.1357343694105308
0.20190920404298193
0.12154466548708952
0.14361462995796434
0.10346493401856018
0.13155874014418353
0.13138090199426797
0.12390762876621994
0.10489542375277121
0.12460068244460502
0.13247398582851988
0.09561402275451125
0.10041311046476518
0.15252612573072813
0.1037271689932145
0.12146068194553769
0.0743082375766435
0.12977449052868803
0.13338645054212195
0.1398380843612951
0.12652040864480793
0.12365235055895184
0.06877949934162804
0.12533681025652288
0.14656826837321363
0.08721317948282721
0.15340181521283255
0.11292633766688115
0.14660755216923074
0.10229040919312253
0.07393536974223114
0.11258192002869484
0.15494268627493127
0.10173813086016463
0.11074850270962941
0.12241729411697289
0.13534635946260956
0.15155001873638038
0.10934710898253758
0.12738761971171175
0.12781980831458575
0.16347872471145436
0.11201589748408262
0.10000810497615065
0.08700769064545849
0.12244845051580022
0.12211851155223452
0.0967068382833198
0.10662212823075089
0.13946245776641647
0.1440956621154286
0.1058274908589703
0.1735983129026833
0.108314413603853
0.10238554826192818
0.11494822636310825
0.14605846950544052
0.1429660657306344
0.12527988066342538
0.12443823029981733
0.1011074797804181
0.11201358208768646
0.08890881236740275
0.1097353108222927
0.14017123820943866
0.13232331582279827
0.1467641140026713
0.12115097315835459
0.15473577497117183
0.14021727964175384
0.16505045935602408
0.07403590314995058
0.17313672610272385
0.12698919879564738
0.18150403826985861
0.12273868486114303
0.14572316590224435
0.13700698668087097
0.10707411048529421
0.13281781862978415
0.08210458133503465
0.09764513971393751
0.10335161755347627
0.1098742385315828
0.10911774076112253
0.08491665260120768
0.12781834603434744
0.11987660814990142
0.14828306348903783
0.1382417848539614
0.11844131775098425
0.1184167740356965
0.10922074354697738
0.1746674469764398
0.15003391168237368
0.09287866100384416
0.12377419304591468
0.11958062381231001
0.11674008047449089
0.1295810664227733
0.18788942952189003
0.12252345929969072
0.09574234554928814
0.16009342079182282
0.12974094076989098
0.1459084206414704
0.1441374351460279
0.1046366975242418
0.13287269552141806
0.13371494309994855
0.1348169926351365
0.08920302985394954
0.07187413866497135
0.13928542583033077
0.12149906658467541
0.13172160874611283
0.13373660194372694
0.12482216378432046
0.1825690117122183
0.1366225481722655
0.09501369554935608
0.09769896260125324
0.19098505809521388
0.15935910766385522
0.11652771548921535
0.1611315441278514
0.12731591343796422
0.12317383934113287
0.14644069930995599
0.14275111885882316
0.11596012154353516
0.14499567315396636
0.11930767979515362
0.15365472457067872
0.13550139273893505
0.12946551174181659
0.12340736992044728
0.1303846090904411
0.15616964068698452
0.18737379170517243
0.13675742648138575
0.15536263834599193
0.0791268103893441
0.11825527949507524
0.10429531251208196
0.07294131223946287
0.08996438338360929
0.13306508580236096
0.177862897466291
0.09282831079398714
0.09033831006269494
0.12159918074739375
0.15569294954685228
0.13276586252281705
0.10802609251162583
0.11049986049984702
0.11524473811914293
0.11920907154725793
0.10092840418554372
0.19340088496390204
0.10697068662236875
0.10221068265762996
0.1281443219079167
0.12068923612728764
0.1298032781186394
0.12975286899558042
0.11673220755102608
0.10501865572410657
0.13021103353914143
0.16196712280216197
0.15287154040571935
0.14156110061490632
0.10841215394750191
0.1245456756491624
0.10264478164583768
0.11521600672642501
0.13074946759955888
0.08469768924079095
0.10485910506152535
0.133355036953891
0.11821883544653367
0.16070118368105832
0.1341702941895767
0.09415470916886709
0.11891134313527038
0.13526176237698986
0.11333407836200093
0.0908110577635987
0.11442413019927518
0.11306216004814902
0.16350320702273913
0.1333181401788728
0.1185348875037828
0.11442289158730419
0.15062899106315208
0.17710454137916445
0.10265364508659522
0.1200049730307968
0.11947230720683048
0.1295002095277062
0.08920394802520476
0.07401747311451373
0.13244001085322
0.07514619931228372
0.0945015950823757
0.15264463213586796
0.1046302965997856
0.09253711138339399
0.13370731467310698
0.1389472976117989
0.12179291130823651
0.09142310780881563
0.11312661611606074
0.1566195389533521
0.07120793261871405
0.14507391628713315
0.0833616767509818
0.10208921952587481
0.10065282312896146
0.16797431075787597
0.11670295110334532
0.09928496118605308
0.11298423198680627
0.09280385260690269
0.10281775789248962
0.13816389044705105
0.07637023205199889
0.08009987304986292
0.17453047414968748
0.11270132289278292
0.12421872943189026
0.13678705910085023
0.14455785463995477
0.18689169874525524
0.13287674243880693
0.13672372504116567
0.157496397673874
0.12428504704514601
0.13150872114213805
0.16744264221244534
0.10056972691262352
0.13207832953795542
0.09366844813957705
0.14054967904119228
0.06506700821657212
0.15294115255980584
0.1384018552609214
0.12101354507320462
0.10007153127728494
0.14135444068833591
0.11524730308526164
0.15036086102664642
0.11804256743816734
0.08803899658836299
0.14663832526759782
0.11846352874497079
0.14016912284301897
0.14843017998492664
0.12729126949305067
0.10981195157941231
0.17527095839850762
0.12612543057668527
0.0873970606446547
0.135773458382941
0.11097724878515228
0.1306876892012537
0.13809883290389224
0.09761511185500596
0.10582726595811374
0.12098208528994998
0.09791768194096306
0.12049612723053017
0.11460380580845765
0.0958191965800331
0.1298703652820872
0.13989734354376324
0.1475240836149312
0.09511330723120125
0.1531194263301666
0.13642865694891426
0.11302016165178001
0.09322628322914413
0.12203646996814252
0.11545386591118394
0.141940832219532
0.21564621722630906
0.1578156442353705
0.1197117162343341
0.12832503824891536
0.11913838675497032
0.08473610747215182
0.13863318099171684
0.1339375632955798
0.12362797171942033
0.13800782807657289
0.10917128566358926
0.10059910174868197
0.13781409702234096
0.14531329413373895
0.138209952746099
0.16119143413075177
0.08941888229699617
0.08169961755123137
0.16964346211501946
0.11321226863926165
0.13508174274085386
0.14687439895414067
0.17141536858305345
0.11054201727558689
0.15717762132447635
0.0925319750742537
0.1421657612031876
0.11034575994668029
0.13515132941775154
0.14315711294833441
0.17769633946947333
0.13551541995854516
0.0905691167749799
0.10611467558682125
0.14969577820777305
0.12352349754346179
0.13085020888025095
0.15153444676448483
0.09800086486641509
0.11675045616865974
0.14958811271000266
0.10718477782541402
0.14788296385709865
0.11554490579580963
0.180609529468776
0.1621764418128978
0.12840912873387225
0.09753174238649738
0.15575998537804825
0.11794920700178681
0.1039339259155279
0.08831619015835265
0.1298804011719901
0.11127259920886362
0.17513605067553725
0.14556330377180157
0.1507572272948452
0.1577187331480033
0.12866544883089334
0.11834217558784917
0.12521109367052427
0.11751035199340473
0.0951784564190135
0.14951948193142733
0.12908162173769794
0.1473014362719094
0.10687503709592627
0.1324438366244969
0.14860719134316383
0.1572914832432192
0.10674094409479638
0.10619735585947271
0.1397289883638232
0.12336701472137168
0.15073397358584653
0.13118665601717586
0.11103030456171419
0.14972544833432924
0.08765830177239159
0.12066651583263602
0.12076970074993969
0.1423825476362322
0.10955985086867837
0.141882783008152
0.15193924711758436
0.10141706540060544
0.06639018999208492
0.1471160762266021
0.15172371447059907
0.1130957748100889
0.1327145563445676
0.10042717669296687
0.11367643072219522
0.16109503618719037
0.12754624598047798
0.15781633029874156
0.12501530702324223
0.14709414417758904
0.10188862223396355
0.11110992447286049
0.14747764125624874
0.165301028464431
0.13398490433876128
0.11526560554786434
0.10175103564008806
0.13830340892117152
0.12444011594888783
0.11767593844997655
0.09303319967789093
0.12031158547921626
0.14110307366923122
0.1102582083510393
0.10949788554125091
0.1231440557834893
0.11899109614587691
0.14688406102228074
0.12495358150002743
0.12422352800911403
0.15500124334344162
0.1681511263770878
0.10188232687735863
0.12932832303056027
0.11312823735065158
0.08449593978069386
0.09811900756512994
0.13356295426627843
0.11757657390929437
0.10543915485367185
0.15126985214505395
0.11091201715622291
0.12217925330194974
0.07972006626957065
0.1806377741266161
0.1459007515167663
0.10858465353152659
0.14674895025956308
0.11019309587595333
0.11179941761565564
0.12619499215379484
0.1371150517233062
0.13900545113656051
0.13003345260008922
0.1465559436195282
0.14117520309037201
0.11926035340922918
0.14317468794816876
0.13039734889202007
0.11137057400957559
0.13906152072617162
0.15085912426230894
0.13379758378389428
0.1330141115791411
0.09107661590898157
0.08552533540875523
0.10668125252465804
0.136272207982863
0.17388080638481027
0.08504210489751234
0.11909966827660737
0.11986739741907432
0.11703651037230817
0.11740912832934704
0.16138089215654758
0.09274069877399173
0.12946413700740245
0.08750258096699655
0.19747612854608174
0.12139953579852217
0.13789775067913948
0.08344739557729712
0.14375050108675053
0.1287929037502775
0.1371548291376581
0.1250326758051231
0.0811366271283282
0.0922843154539042
0.13257713072998975
0.10303698442603697
0.1518722035078584
0.12607974674788439
0.16617347583271294
0.0875486191202466
0.1407137839828931
0.08667815550402208
0.1271061047264201
0.16186354921017015
0.09612524574198236
0.1448430447786864
0.1132237307804631
0.1222006172097557
0.1331999963102886
0.1388634150127314
0.09841124820599312
0.19530651572277025
0.1261287227780945
0.16286075063379266
0.12221486364788356
0.13969382449129195
0.12380396830693552
0.10056862146842364
0.09671603289075495
0.1342423026195006
0.1309315023847287
0.08314020381723412
0.15725178331792802
0.13135649581151473
0.10292181577051696
0.09663685318543737
0.14131862247251187
0.12311491527249306
0.147168326322674
0.11754890119928935
0.12453317266820854
0.08526747619509573
0.1945009287833168
0.1345694968569007
0.1170182225663484
0.1198425396099092
0.12297681779514061
0.14652973224854712
0.11253540948894752
0.11421049807480199
0.11290453590475673
0.1274463049102418
0.12705212181991365
0.11643346122191076
0.11447157200713111
0.18696730780860732
0.09292661289366384
0.14035649674975603
0.1623299115602154
0.14396478334621657
0.12204849174240973
0.14157262125415998
0.13235659985618828
0.13448726256211016
0.12097217448324632
0.10980130870781221
0.11800772770173634
0.08572078896480838
0.11111584163930681
0.125839841270177
0.12696339614822727
0.1360858258796381
0.13069911343193408
0.1004933830784102
0.12584584719912276
0.1032260883109654
0.11997392427986249
0.13782620530627032
0.12520913835936004
0.09345164907224798
0.12029943815740052
0.1547916539544681
0.13906007075465526
0.12282555425606916
0.15452388091422287
0.11268233803054764
0.07934147299190673
0.08315370059156134
0.1615287712149484
0.13492556411639142
0.18647754528285582
0.13707124314138083
0.13371974779784096
0.10237147291155521
0.17480326829433737
0.11210326988186178
0.15582045661384114
0.09361718450189278
0.08814159005438212
0.1390875160593255
0.19358605918395735
0.07649438354351347
0.11148262840936611
0.08577084746783047
0.15007229866466312
0.12131618699826098
0.12819345142147826
0.13740418410338834
0.11132654344614137
0.15023272796541584
0.1452990973355167
0.12768624023138947
0.09338370685181807
0.1013046371990566
0.10116863863348854
0.11891973956273048
0.1281169817091443
0.144261613659385
0.11800422604868674
0.10885100629404504
0.14585644476133716
0.13829973454048222
0.13661023004625836
0.12677058205508074
0.11119040922904556
0.09944383144778189
0.09567026093836106
0.13926023153749445
0.13229830176865484
0.13597592123556462
0.15634769978853272
0.11913722255274715
0.12832936239902976
0.10119318036508879
0.15549591046884695
0.14163274319710997
0.15851705921422843
0.11115692600565977
0.1490431549469684
0.08052571375124386
0.12700351010080155
0.14385850894308108
0.1603461833247017
0.15542192156243037
0.1383485242107505
0.12851063531818263
0.12383559762227256
0.1510158105190557
0.12864635497598445
0.12698470261228673
0.13331843911320376
0.13353180248933966
0.14804260874125957
0.13751139419015104
0.132344489844861
0.11427639517443057
0.12223363710958235
0.09324833459138372
0.13710825690462286
0.1025559690058752
0.19945251726408694
0.10382521992691114
0.096786880723178
