0.015396659560477208
0.0013879953962458288
0.01026622890168295
0.01869705000694661
0.014377667343368542
0.014174356186737683
0.020006546662163064
6.482029678313362E-16
0.0056098330287840436
0.02517528654685947
0.018209769365724934
0.029252185629932575
0.05641802926316609
0.0318504704467179
0.03044519217681811
0.0017297146808217174
0.01531390508776199
0.01735389248681898
0.008525800397254413
0.0012324472603966019
0.0372394300644636
0.0010104927346157363
0.02640471647487746
0.010664431491561554
0.007629309068496287
0.014901572131730559
0.011750569873360102
0.02284803638329222
0.006510018940724709
0.019980671413545724
0.01058676255469571
0.01155861907153408
0.021286911384520078
0.009718469558200613
0.01819887738499384
0.02067081991363683
0.01678474925073541
0.016916686339800556
0.04251279387175161
0.01230567043542534
0.003732522079562722
0.033986695393371846
0.0036843354570340056
0.02613708808374227
0.026594658616489724
0.03843009910265341
0.0026043614282761185
0.01274327477266539
0.00806950823917291
0.020050886577910095
0.012600037582629684
0.03988391962777786
0.004841837751298303
0.035478425394853054
0.010969023946907687
3.3133410992880767E-4
0.02097462213492351
0.01475838110892093
0.014805552006974214
0.00994616472262773
0.02445963071462062
0.022385107495660507
0.004505767295564078
0.01889645001066849
0.01651075652175525
0.016315967126315358
0.011779105196381914
0.017351695633108344
0.0023574249305172374
0.013078557362293602
0.005555321416309093
0.01760567160571022
0.021699671338800488
0.009510718589738688
0.001472209808043589
0.007393134671518512
0.006964083040328574
0.004118257468297647
0.01873963641866209
0.003176989126372075
0.02418408481379579
0.016070421518657115
8.297987816074014E-4
0.00279234085421756
0.002640420758694553
0.006484364445469266
0.00849887244665652
0.022958484040862676
0.010798640954033411
0.007737096525049108
0.00462733752756933
0.005144249219911355
0.0037871702824438065
0.011241771867609005
0.008552770755602426
0.019390940232693027
0.009499845492020879
0.01591332134573343
0.001676487233106249
0.0048634069497673835
0.013251304229001476
0.006927579260135702
0.02860325571367464
0.03128383832226369
0.015486716649239608
-1.1550217318462478E-16
0.011710533584374986
0.0037836731486432635
0.009755483760093374
0.012274506963113687
0.005681009189917682
0.008098277262332282
0.019527597455673815
0.009368520373517954
2.031507998056662E-17
0.009533723725787898
0.01458081634696487
0.004032941723265151
0.007222451507272705
0.02119458036663249
0.012647076081909217
0.03250572910808807
0.009207687764523645
0.013148228412480254
0.010341849527001425
0.010333328871381402
0.022501654959323363
0.006896165806737395
0.010778603333652832
0.011141312700596605
0.011478457213121447
0.013674808056260222
0.009701351775492355
0.007842765150860785
0.038820133208209553
0.01159245267930548
0.009809214009262658
0.007156935359627579
0.04131337543051078
0.019409308197689913
0.007533673891360828
0.03810727908870708
0.02275792434428123
0.011279752588684458
0.009106470366499423
0.021487267931235753
0.009275566558095322
0.013452714419797868
0.021135734347364012
0.03419412739720349
0.009992410204754372
0.008239589927697839
0.014858690110353125
0.010023536470281338
0.005629035426156119
0.027132522183454775
0.008550569276011168
0.009912911902695234
0.0037369026037335027
0.013179888681319356
0.025905559038724154
0.025398334377984114
0.0036788966536998938
0.03293347056601155
0.016093385755317144
0.0018768348152913424
0.015564298692778578
0.00810668569789775
0.01320857447007137
0.024097024392814904
0.011310226771438376
0.0018694017814178622
0.011013036796870785
0.04358626710177822
0.017684737953377525
0.02268739377160854
0.02957836149562331
0.006992713573615872
0.020064541830476533
0.004664553133259548
0.002543293487821701
0.05312237272006255
0.01024217300383579
0.009962555823365282
0.0376547187674846
0.011351725336986983
0.016451048215383787
7.454354443055122E-4
0.004398012765003288
0.03852471572235501
0.012017136996639083
0.015577910001064874
0.012700521968384039
0.005813027924788235
0.04167497475535414
0.030521096820501952
0.00881546025949984
0.01123147218456134
0.017845559932999546
0.01330326253238698
0.007276774425874844
0.019094956952114835
0.0028740036682847257
0.025953258295985656
0.012884732673792925
0.03484814666945271
0.025925337356462658
0.034969727100614544
0.008013848323547445
0.058099864662193905
0.03208002730759439
0.022077044467762777
0.006596466618806089
0.007541767673718166
0.027096659037614657
0.010664758335711653
0.009396549307219367
0.034894307030086974
0.0257000980881089
0.004297235676912845
0.008933850715218425
-1.486796238339798E-16
0.005236381963905793
0.034344769048366676
0.019886769068863726
0.024677422475958895
0.060992327581434254
0.05728038172768846
0.03413584523109161
0.010320223290479364
0.035696797625697274
0.02002335688025653
0.0035898122697314767
0.002068453786201012
0.036872762298965134
0.00827413912922823
0.060278376646379556
0.006694283745293556
0.04073717013170585
0.02957424767749687
0.004255699739833271
0.002041822576231679
0.012164948331237992
0.017630336414327128
0.037909804819693534
0.021866439582530272
0.007721646379129408
0.004832852494123256
0.012294864470281927
0.008850252232563291
0.021298338679703856
0.030572588022755958
0.030355844820993412
0.011184925480881435
0.019025691149406065
0.01522362580785148
0.02798436179935824
0.03678069184618898
0.08123033194125748
0.027314799721267286
0.012419072482653734
0.02178437744105363
0.014197318906698826
0.0026682452711361297
0.014964752652395458
0.03226956009147732
0.04388544014064776
0.009403452494096175
0.011106780036241264
0.012736074858967281
0.009599393656035345
0.020174439019320776
0.010129058780558562
0.009490942721250093
0.016032190081522516
0.015797907788994717
0.03606601265769221
9.76705451009331E-4
0.00787430389346557
0.028937420027479205
0.024148348815293756
0.022519565053925824
0.021147979326751158
0.011466538714006748
2.2671560052812154E-16
0.01013798905680611
0.016952036690099672
0.0026850887027408533
0.021925696201672226
0.038690053916278624
0.029237589326310126
0.03030824207884367
0.022097985502379104
0.0271298972339759
0.012472097305668027
0.017264066713645842
0.00804292645371778
0.007206016387744917
0.007594965882858989
0.015908970062473514
0.006824402366939034
0.011174469339322186
0.03507940249949325
0.028492621134013622
0.010208026309511275
0.006685778447174351
0.004634033275707399
0.018596962906988285
0.007891578807896963
0.010402900951839407
0.03672587298141993
0.029688872081339558
0.005595244807431537
0.030621427193808018
0.01344597213049228
0.02875568485065502
0.00567439527940254
0.009877923429107238
0.02267619261254408
0.006691504445600942
0.007884111415872473
0.022899522073408222
0.0010006167177345551
0.006291927512109455
0.029112538146999437
0.018654386851107454
0.039941452767371925
0.04788816993512334
0.015789989176578388
0.037466743518897616
0.02143806643642392
0.012279997068176632
0.01560731904619855
0.0056442210592386214
0.02428251654651342
0.015340525031992258
0.032485322924311257
0.011956840211313692
0.010127007867012315
0.03749900478416251
0.012480517457243958
0.050538070409963526
0.01652853969033259
0.008229356743743858
0.0941095232026996
0.021695761612024626
0.004535128910859659
0.006562492869682676
0.012685263845572337
0.03526430926041237
0.010119377743736295
0.02142322686562874
4.8807285666748336E-4
0.03819992410247645
0.029461479052970595
0.022290683282214997
0.006708912379044391
0.014493610051166938
0.007685519243880467
0.009452236618481994
0.021056726411029864
8.143306209196524E-17
0.014637332386129477
0.02605387319742665
0.003050994566856461
0.03277917145549403
0.03000472569762926
0.012230513589360259
0.004612790237317387
0.01908664377692195
0.012345859864695993
0.05293951392849427
0.03474293666315369
0.015668094538810875
0.02108499762746042
0.007994880823975483
0.004702549908843072
0.010076564837083067
0.01516625316716475
0.007387590156530743
0.02876739540367098
0.04965806266894626
0.018702307594912645
0.019503051632674177
0.037376248066077485
0.0030390597326646587
0.017511233586759274
0.035597279910910974
0.0015215784985083206
0.016559702661534035
0.00572854076734672
2.078122866786714E-4
0.0031313435983016513
0.01083264027205394
0.011132198077401411
0.010867381335318409
0.005125845648246478
0.018297730581376452
0.013774583186337752
0.04487199340999412
0.01671461051043236
0.009697871100708862
0.003983454322098091
0.011149264004864412
0.041073757137528054
0.002534471885278382
0.015062413408139859
0.016901647908066912
0.019261315837425273
-1.6722719624420527E-16
0.016151533903015595
0.011504473144965733
0.030146487020221754
0.006990923275460064
0.009980611056055147
0.01651491964988111
0.014470915474065088
0.02204053060576154
0.01615075139724255
0.018394200787867736
0.01479379075770761
0.06291489725971235
0.01847871169866598
0.0020061289055917746
0.011873116491992403
0.01019538776996213
0.02444979063606624
0.005906311549207417
0.010323634346439313
0.02194683291173248
0.023259542777223523
0.0032352575413042506
0.017364397854953657
0.018335611163708777
0.011388164844226688
0.011283461857547883
0.019186739328893185
0.014046979742495013
0.008958270588178063
0.005428746964332096
0.0042901022403066015
0.013078878167658054
0.004422632027022556
0.004302519250742449
0.03392366237780699
0.01662722923077491
0.0075783251143593045
0.00958936143217465
0.020307375588900656
0.00280899679226745
0.014317859858889594
0.00593651444133902
0.023914059730582127
0.01360434008419065
0.028275547150874273
0.017502000863874958
0.015414027539477786
0.03424359917294892
0.013467121343374138
0.007263143076792801
0.007251052569911929
0.012974939156508337
0.016042053818870326
0.0015635722903806265
0.017223374598665513
0.00456913591294376
0.004876161643746398
0.010924078791243089
0.014301445623373352
0.02199317530717686
0.004196698239917159
0.0053903228874668625
0.012500062022016154
0.053296301328175706
0.037919878151786275
8.229855366946232E-4
0.013028737852219424
0.014605220767649795
0.01508898367333364
0.009642300124571183
0.03117544187660627
0.02911186731772702
0.00251080964369729
0.020396618839093085
0.02322066507457534
0.019289277428226125
0.016372081212504833
0.007032694761402427
0.029340457232938932
0.010108936359795461
0.018812631228340964
0.007251600766262268
1.0058520368747633E-17
0.027686855456529245
0.018055586031713273
0.014219458579710955
0.013976106285856405
0.006327212706839427
0.02464440959719238
0.010946637904794939
0.012338252816357314
0.02201558904713218
0.016342696348568424
0.008140174024873737
0.008640494039177628
0.033293875266722214
0.008330764645663007
0.007341553536147049
0.02040404760348187
0.030774057227810323
0.01051621194741155
0.01867626579370215
0.003452325947058936
0.04523215747133633
0.014767748589760052
0.005356819118478261
0.017359775570945524
0.002269992586819704
0.022794036085748943
0.04945442728502937
0.04032673891792773
0.02416564179350853
0.010135209475137076
0.030540213318853662
9.873787440440743E-4
0.005986166612062636
0.004347108051281545
0.0414819550325539
0.02294738200563282
7.390255424162454E-4
0.012238683868396646
0.003579425501313239
0.03236564387443992
0.011419438763174729
0.02182372707469532
6.795729000281108E-4
0.016642215869250764
0.017220872695925808
0.014569137464304716
0.0474754174060116
0.009291391207881309
0.007711869261119466
0.06379495534117362
0.04053274114709092
0.015655743247412222
0.020022578046049223
0.015617517882294265
0.006445562585943953
0.007047795464826007
0.040495479047794346
0.06719039369140428
0.041565211897069895
0.0053085974703943615
0.02575812587177855
0.001918060826415538
0.0033038744619909464
0.0243337967926359
0.005613968508299986
0.012343766302473476
0.014603237977787991
0.010847714988483565
0.0375728170431215
0.02222060919694305
0.005291237255515875
0.015146051205069105
0.014817612466555833
0.01649595678716076
0.03261482673809372
0.005016294042231881
0.014088328566408665
0.03985457228952886
0.013681592383174065
0.021212609467217328
0.004178197986410815
0.025501063417323694
0.032647554358363876
0.0014570729584027057
0.0047881810801350694
0.016223267252986288
0.031076764781134233
0.018567761953599722
3.505787317706445E-4
0.005066897657526112
0.004059804643094205
0.008950592750013676
0.02480738989369235
5.304191256305059E-4
0.009401851406018754
0.006771996495548623
0.0141783332316792
0.03892606227164458
0.006427989584937024
0.01610757937674676
0.020946084335102734
0.020520209373288408
0.018302335857079292
0.00412250114114665
0.005518220262142567
2.3992594389913482E-4
0.019482574596785006
0.014638226028172954
0.004108018486444869
0.022918192368258837
0.009129365988380588
0.00558789483459409
0.02395938172037955
0.0012292153787295476
0.011077438358092783
0.037677948068922856
0.001525594531344788
0.003279522635860961
0.02077786571152189
0.020877570436449402
0.06633001333975802
0.010466025770037747
0.016026736275410413
0.018924096482792294
0.013918234603113581
0.004695734093151673
0.023108343081885353
0.011692642954759119
0.008969929914154993
0.004390362225930626
0.047411972380306866
8.211552766003687E-17
0.004637013477822463
0.011742991722534579
0.009237338840290226
0.0065844473580060165
0.038817686434414425
0.01623894565344753
0.02370410105130951
0.011049994307805174
0.0018854819822725526
0.009356462433349425
0.012666254511754033
0.010370656167384057
0.02550874444572063
0.004201397265263888
0.00843886362725017
0.05354428308289716
0.015527950983213966
0.012054773561675955
0.013277005789009819
0.004685475771347516
0.008305226512935825
0.03233300363616724
0.007980085328921584
0.004989999296408182
0.008883713781825493
0.003836753102581008
0.022193036730989116
0.009493379713208589
0.005067376057573983
0.016692244880553302
0.02738662428510876
0.024964756403370387
0.010744637955887133
0.02306813365289521
0.017007014980683587
0.017173366076168855
0.006950482747833309
0.007189581752728447
0.01521626418852335
0.003877179188811986
0.07452166167064027
0.022192443522895247
0.01152904928591495
0.01558178681694999
0.002241194220264056
0.013262991721829908
0.009540486206753945
0.03296433895018758
0.014773991493345573
0.0015165746536239982
0.0049963320094991515
0.0032700384466026198
0.018832088863114733
0.020428214079386976
0.025935722727653984
0.03643042041598707
0.00880509494059426
0.013951752735531241
0.0311272839290908
0.008823028878132558
0.03483408625154906
0.014255199465998555
0.018553683338373976
0.020021672186067162
0.015370352723516128
0.015995848917952606
0.056288643253867995
0.0034701066664673628
0.016587531146409266
0.028117979711279613
0.0712094815998319
0.036123634661434395
0.007535038339199244
0.0027511227534971192
0.0027960452610349615
0.014976703898998887
0.015253224224462975
0.026878493815359887
0.008447524125916692
0.003941693106599841
0.014433024978883307
0.010041855342424197
0.03559051038163137
0.014566359368887337
0.011970640765633589
0.05059543700998516
0.016872543320240005
0.01396578844384683
0.016124087450535927
0.011269749037854332
0.03140978747809267
0.00396841922271518
0.020674227690079733
0.004149498582456293
0.018712316944343277
0.027130183778468122
0.02321637839169294
0.029477131153121335
0.028877794851755102
0.025210548425500804
0.027427509170184643
0.005575279091369739
0.014972844966003642
0.035128124152595815
0.007153897394301664
0.0028243666051509745
0.06579827784245977
0.01331787745346646
0.010161333206935257
0.01501435615542528
0.009996847581512303
0.007657647116952618
0.022874943662127258
0.026120154373561365
0.009407684308725147
0.0071296362595185975
0.013680975842280362
0.036741029447433064
0.010620640996289636
0.011165118321034477
0.05707366081492855
0.03720485834136386
0.01084116119402667
0.006575805981262132
0.013516860457001609
0.002931123099128504
4.371413340538653E-5
0.025921025982696414
0.01577712459476863
0.021489934501595052
0.023391107714407004
0.0065332944982468095
0.010381145231555491
0.020654486846028525
0.02833211879326005
0.035748103945307814
0.003657662586688457
0.01839942748904288
0.005905748829827883
0.00834401002181646
0.003998044992948755
0.01283394069693264
0.00938223433678219
0.005581739873752616
0.007328022463964323
0.01721759391404259
0.014794973746735277
0.005702684933137697
0.004033201779338493
0.013419342020966651
0.042293092669789055
0.00898791257895535
0.0036400545154708377
0.003885507617323592
0.0044176592380788925
0.012161172499388527
0.0029045480374837924
0.02925733448972551
0.01639597513003249
0.015731753910047896
0.011256048642745048
0.005409833332008442
0.006537598632997405
0.006719376978985401
0.01593842809635034
0.019791047897066805
0.014614624305807233
0.008940603352140246
0.010291866473371915
0.002864119869451485
0.022027313935714426
0.011273443178087214
0.039237260681477114
0.031437339571320735
0.005928523047953397
0.03740338309399774
0.01633915299561686
0.02178722744063141
0.0061968152825504245
0.014933484305381621
0.009571926873735733
0.034821504019999686
0.008672408771802236
0.06460933645110625
0.02289591631262623
0.0261450738100787
0.0062230024337090635
0.021013487902494812
0.011520201114745238
0.035648149483953326
0.02088340497358742
0.015771792389056606
0.002385123490417327
0.008850287542071041
0.0053276136834712415
0.023439584438670436
0.09276596226044909
0.021919437103219103
0.007713788178641336
0.00468927823858667
0.004498328265114729
0.004848848688860896
0.014237034355885858
0.01420787403631761
0.015130460421187498
0.001302917459813978
0.022177324330507106
0.0167298323226999
0.017133937755490748
0.025803053505335835
0.007862545363060792
0.00708759517261397
0.02475303736657787
0.012358837773828324
0.00790120221031741
0.02008820604542598
0.011566941741064271
0.01391087830642778
0.04253618622722161
0.013978456108006843
0.03825416597175745
0.013907754366568399
0.025962883794487142
0.008992173959609372
0.015988469805849528
0.02635721501937201
0.005966752471642894
0.0423756549451461
0.011814033989751739
0.03763463969060926
0.04257363876302749
0.01092191041622343
0.015532877970512175
0.03470638453534212
0.009954001446000766
0.02791889394565528
0.01335096116060726
0.02390436117915089
0.0014439334676970062
0.010658496676866195
0.014926627752303818
0.00812077539330618
0.006333922468161249
0.011311907564138073
0.020951377934355402
0.012300871800720993
0.008758071208654683
0.0046833006409176476
0.02851827938141309
0.016804642895767944
0.024681211713339955
0.022065749495895005
0.015213551350898634
0.00787498248875684
0.05058228105722892
0.012938881653144857
0.010256537907608207
0.007955279679337129
0.00602722104489294
0.017823604506250642
0.006070881037168352
0.01180246948241373
0.005821434028391398
0.016250775901512086
0.01191376079431119
0.00862879396246383
0.0035804427566283464
0.04549483628999566
0.0023132786719693866
0.01751981199066612
0.026862015864298462
0.016633355278604704
0.0029615756419963815
0.015483991351212418
0.012547057010065477
0.020634935765963487
0.019843774691381974
0.00590305023212703
0.008777594377425297
6.582809247701006E-4
0.007128361516941774
0.006308296369022281
0.01785108866931578
0.04606629103421428
0.022541810773417915
0.0012312381392809394
0.010908077852457539
0.01228757717774309
0.025341946991884988
0.021034121396609366
0.01765771848613414
0.013534079871222425
0.008319238773650454
0.01661240750785365
0.03309921495646638
0.0010067721872471054
0.0017309023928607536
0.005512239987966874
0.009239164218214128
0.0075729404801425345
0.02620994662650546
0.03436834246828129
0.019799355737622967
0.03217856019417013
0.03354948209298167
0.0056414723929084495
0.02066356186697152
0.021827339329802756
0.02411296816946001
0.00603760319777715
0.01704087272956592
0.02037649630534538
0.03443339841489522
0.0021966589481235035
0.018864108928531596
0.0014052093076514166
0.02908475712788371
0.020487352019851614
0.04958360614543302
0.026402846380257063
0.006231471788194327
0.01606153501936191
0.049603449220685956
0.025389812069820366
0.008188873521063731
0.009649195840503532
0.04008934083117547
0.012452512294091824
0.045567664104013826
0.016164767389715572
0.013407811333731173
0.004291614208329687
0.030011771246233936
0.020964002559177235
0.015361902370521357
0.02577678246107038
2.4102140707073787E-5
0.004069285373903787
0.006571193222770476
0.03344399225593287
0.015049065759354401
0.019428683142553638
0.022384272710065
0.0068994918372355584
0.010917558521343749
0.0027968682024887984
0.03674120477525203
0.024658489033700787
0.06344072244829593
0.02544169763682419
0.014984728723808375
0.002586023447846974
0.021416817829379823
0.03039989028330291
0.026859518653660364
0.023182946723552776
0.022900995709505795
0.015758605397555237
0.018489464314853658
0.030617118028719758
0.0046676203372932904
0.01709234018933809
0.01873770239350176
0.02423904161815617
0.02017897626799982
0.01594884702482677
0.012030813607314452
0.015286162091282675
0.01924370310461127
0.007855900479513745
0.019024972709869893
0.020963389769799414
0.0581812974604158
8.948568455406212E-4
0.016384475042380723
