30.592382823936447
21.16273633396215
25.119895515418527
27.871944862198855
25.763256402401716
27.387618502420256
22.053969265851993
21.672385034056898
25.93508069422165
25.282116597908775
27.886871165041896
25.924274661289324
31.064169967474154
31.575270323653
27.103434325915945
25.708606173249056
28.268310901023813
25.002313625442685
27.292567621252783
24.583288771872994
31.058689187957683
27.88132222558154
29.415783735349336
29.913337128777584
30.907319615368326
22.45414751635908
24.53887529301338
30.38917592816451
20.756272214044632
29.158664590762285
31.73925636717301
29.47071645500644
32.35432546463446
29.12400914260002
22.672474687176855
32.7695602215791
30.099243501837005
25.265390357121085
29.0266747620761
29.404923484246655
26.54436640220099
28.14158244861629
27.76780877865665
36.99676253433096
24.139363149005735
30.42689952347145
29.098678601039072
24.059804082173873
29.21538672565536
32.09710339942023
23.333481933722883
40.22676401455519
31.76796128027656
29.287774257955597
32.03834732958509
29.406736194157965
28.35210925997538
23.760750683118744
23.789285562743068
26.43955619208581
26.917102779762335
27.713621768871185
26.963000633545935
31.30077788062735
26.25906849477138
25.97418404895722
24.678057563371606
22.709119806975234
18.714148176854668
29.71584010154453
29.474524602796993
25.809935591269923
19.351536320700248
27.350992104691024
29.900899422755124
33.50087368588633
25.168904238239342
22.960290469191957
30.071317994790746
30.418168375907065
30.869190934776693
27.803848069756565
33.269735607425424
24.06879783648134
31.04837375205103
27.546354672787498
27.57520353137219
33.05461371806833
25.31685100196043
26.562809433036872
30.77760278803928
26.144447743362754
26.97818903039111
24.900359299067272
22.283395451651398
26.256951115218328
25.107874772957235
24.233956886340334
25.087010891394343
29.476166676750417
24.213557798617035
28.7911727111693
37.525393569532355
30.24687760749357
23.63403309173928
24.104218212471903
26.31973797949803
28.62558089200767
25.06826324620598
29.201342850091248
32.33102325902941
25.35802074861404
29.07973012548593
25.5798315560218
23.15554557829482
27.353530895106076
32.332127726618914
23.28944702514344
24.838282425830005
25.484129355734243
34.14519366672968
27.367698361561875
26.042634872092016
26.706281823560325
28.76047898502152
20.61246649522639
25.767363074190808
31.89463221882358
33.39974184234849
26.979501057882107
26.10419476195064
31.141862919185623
21.723764430601275
23.237853516198484
32.65456388213619
28.076237104558206
27.743934073691808
25.61256826900878
26.63277226762558
35.09305097614777
25.9062491886108
33.62356865115148
25.745504419181582
28.34532657905292
29.19903492218322
27.332091151852644
24.60884058619114
25.356338175794704
24.672020369928678
32.01417640086208
33.37714331298449
20.473024325464745
22.91114167405456
21.267958994381235
25.47917270904152
29.361577168216755
24.599351533514007
24.739562001545064
26.27335819864893
25.20301383319139
29.199816532884427
34.9299158788193
27.5430124705284
29.203665355456064
29.251992187211133
26.118208570795638
29.45929329657335
24.51474647067598
27.542585334118485
26.031257838506146
23.288705778580052
22.024603577729685
26.878927307718403
34.73451641479067
24.526719384562902
25.7656520795114
30.492015849376287
27.53947687064336
36.87390699509195
30.03526741605272
24.7940846494546
31.403564573359088
26.450080493663634
22.815989887821953
27.329729188170294
35.153627300747125
28.098392890245083
31.793088288267352
24.306575979021808
32.07063560953346
24.562072034119375
25.113879064183806
27.555181998444258
25.246145243453856
32.72589903399441
29.55861971603756
35.27493598764612
24.852025315574355
23.53309869491418
22.547440490959346
26.319229823463722
28.982712905872713
21.759374199522426
31.696514316937122
32.55968318389645
32.00039727338258
30.846960311387615
30.45468871325151
22.809710688809687
32.9407666634197
34.502459480472815
34.42605867665855
25.036413846014103
23.28988499137839
31.125816459130395
25.089713600100012
27.16224860371971
29.01465549653792
38.73616648478507
20.64316365616253
30.987056655177597
24.5790508327784
24.338030716498572
27.64784410836081
26.478218851010784
29.462042132213377
32.624501071921
28.854960397041893
31.680355673510814
22.363185565901908
29.815756427333504
23.911925152844102
27.039332146533084
23.57200744089314
34.404727308552125
20.13894518707595
33.19954460922
22.450038368592324
35.894699530059036
28.04032720682093
22.746680770498443
21.325326259192448
27.964388366237245
28.358696829948325
30.183690867242976
26.919579619959592
24.72711703256992
27.107504351523556
24.827191559547483
23.625953367545574
27.221012802904216
26.58797763500873
31.565175280860092
32.7130990097256
29.553802362603893
31.4990927336667
26.889190296454355
31.253679578459497
31.246439304158972
27.699268308378624
21.41670549344894
33.14064474373621
22.096855463939463
19.794154376299147
29.697413938105974
33.83728253313693
33.561934693642336
20.120290929045666
19.389054649959245
32.48690831438635
29.722389046649372
29.861097378945534
24.232123417602047
27.98786960102018
25.780654125575275
21.70695831003141
25.14035732862138
24.581672226067404
25.044869857069425
28.533171288935137
22.065000497630038
32.0139867736439
31.90910616516637
29.561312448935226
20.783991542517878
23.483609062580747
30.178736714376775
26.803659145993468
28.59945846531412
31.67550033624707
27.530644539821505
33.458268324139496
33.53688106884431
26.67048224519274
32.34972725942871
28.44901895379685
24.25875905561828
34.487078170349584
27.757396423844085
26.06286825733793
26.789620100805354
24.36925633664016
35.0479641192855
24.77575602180788
29.473153261741327
20.91290695007694
23.486813172667063
33.16676744711638
28.159448658997896
26.352136787595818
36.860993893080746
29.162659860479433
23.647574297270744
30.73226146048647
31.08390167503873
37.06931100760592
25.075674176965467
27.206071823746885
30.293436210681758
31.574583110802845
20.7952895351056
27.503662657491226
27.818784376579583
22.285468799612698
27.36328542474026
28.954934687919685
35.53899975438194
26.911364126922603
25.51787747178761
26.328359521898822
25.715655256381723
21.152787297684426
26.220739566885612
32.46600052566721
26.616114431388784
30.306384185445257
33.55882137575257
27.809272273765096
25.48091780240184
30.975416758643846
25.24944979130932
30.396370082015903
28.678299617409923
33.816783621027945
29.693379857307825
37.866952705615965
17.892998474550282
22.034733180183103
36.74789459315753
31.433832042093385
26.092279467395727
33.27021612287862
29.261233041314938
31.38143770688342
28.141100410436593
30.19185757943433
23.071543676857093
24.357958342987647
23.287007271994177
24.538012109066916
24.032161785244924
29.415913294898605
21.950802136388745
29.180174203869623
29.16808128525914
32.664102015219505
23.955326020240697
20.24709587183806
26.055880073959614
27.307823516581443
33.686963660946425
30.313341295543214
29.29777559763564
30.48571982911557
29.78401245643566
28.620906072979217
26.346232391425882
29.997094889339845
26.876974266031535
26.882102394200658
30.679270102632234
34.31204549732863
23.484987726117186
28.022692901539536
23.760724907905956
31.570548485271484
25.852096978550353
36.42209828745531
30.113281845036607
26.452675188054222
27.48960870014107
20.7301672580002
26.101791290726727
36.39583859532733
24.303128136703727
27.22582103959647
18.915913636776885
26.676906663918555
31.909288277225414
30.818116142766748
28.129278689994177
31.119972273182135
20.975926688042037
31.08886062908349
25.123332434799934
26.638734445641127
34.6259127060119
27.39201589285581
33.41987594769268
21.816646792981228
21.09634084194468
25.317474925473974
34.820214513641766
23.29570833648717
25.691197796980056
26.49750196556131
31.359130206119307
30.746161348665684
24.0632096621023
23.19029156800286
27.193893837033293
32.3036843267617
28.007499112101964
27.639810010279543
26.386770954946932
22.583500043292602
34.91350378190387
22.956041512870534
22.517154722594817
29.746862282671938
27.18440313921241
29.16852046563459
33.5247043587495
23.439925065728932
22.78134428482242
30.474274700005886
32.54105587815823
24.154638861586193
24.830685669462046
24.901547341486122
23.045383588062553
28.204668316546563
23.36008456870055
23.000236687815626
29.020935095092614
28.761136570117532
30.29745381918311
31.011830633855144
27.642154342361305
26.299480764196822
30.67834130991688
23.0278274467123
31.07123174789355
28.392015146145013
35.085896136102754
30.179370104698872
31.241756157805415
30.78341720039063
32.33453867005885
24.954201113941608
22.144932740282936
24.083173106769244
22.978521935263768
25.30357750329774
21.849961683554596
23.240454916211025
29.450183854990065
26.023070446616966
37.46798647804778
30.092239965270455
25.688687167018603
22.168216315932455
24.80355583645907
30.417628767197858
31.692989667617443
26.686557300255554
25.610177460020427
25.725898948561237
23.186656291286976
31.36173860926369
32.67738975181174
25.086665148981464
22.949906480450245
38.16633019464851
27.836247396030135
29.859320470445436
24.349162848895247
27.24711361470227
31.091709063889283
30.43997379707308
30.06635692929217
26.48780496605494
24.616981542888457
28.728578917642754
26.80193960002159
28.67037886459989
28.652252412873814
26.465768909235155
30.95425986722254
26.87157220679356
23.037533154634993
23.764237914860924
31.651189135827487
27.085990278480956
22.238472945910477
33.47476158836262
31.004357137733514
27.57971613357976
31.802537772963223
30.585558768592513
29.12347646926294
29.111573446937395
27.2766408005774
31.2542862061065
28.710099579684854
28.45094015244839
22.38919153517065
24.980124540175247
33.58124255960027
33.003629259462066
34.6721941792753
31.363866850601276
22.76381337645708
25.205554890270356
25.758149618903474
17.70658928717267
23.280171921690634
28.14044545198826
35.85892365286482
20.378340238422822
25.814099442167315
28.093776501933085
33.676997886077494
23.60708823335167
27.588296259376506
23.410773767351202
25.080474693767226
28.574855358927493
28.53996082205395
48.82826489723711
23.345660437892857
24.18836111063911
28.690942771878657
25.152461674252283
29.013439463683966
28.212521001631167
30.126439980132126
27.74347290310609
31.164845581696976
34.178841597977595
29.87026627944297
29.24698853582516
23.29076427955819
27.334979269660305
24.057860887594376
26.710802139094483
24.86519613491349
22.445034555102072
23.98258992403841
30.212123140724962
26.74493598374117
27.621777992086386
23.615517086332858
23.605883790025597
26.2573772843961
31.398666920734247
22.798186366666513
21.04554681003588
32.15730147685049
24.92272294582037
33.66667245761085
31.539695703491883
29.789671929064383
28.89860916218393
30.890745887451583
28.341524358809846
28.78486632157731
25.60333728425559
27.99841534417868
28.002176664380272
21.928605730596207
27.947517563368773
27.69876957175492
20.683843354680526
24.391813868242323
29.668475215304564
28.49724721392697
22.643872147823345
27.944116515253818
30.26738735081566
33.47358649776425
22.143835240537456
25.084502891419756
29.735316375948106
22.998935471387878
27.761340211885248
25.02825118661161
29.45135760615991
21.9155139866532
31.732762273282564
27.38394422036456
23.681628319846745
24.516111124237824
22.004545753784374
21.996355686172052
30.719437992107913
21.035892484688254
20.524914030002343
34.11919328291181
24.075952877324383
26.970749405025078
30.644788400103366
31.420549257233603
35.87787178057892
29.02492626519669
27.63156333948661
23.989662736723826
29.72924424056391
27.28880447930765
35.00851209291891
26.60124419805946
31.14049570564691
24.541407579818895
31.713541359177537
24.85064846611646
32.98281427254751
29.998810441868702
34.685044741794414
27.712662278731656
27.898281037571905
23.684235689537093
29.59296367787953
28.586196698465418
29.80318875181014
33.087639976659595
24.363828507587748
34.95677408917962
28.90984587835302
27.026171602745634
26.302914762288435
27.21777494565797
27.888973473868422
25.531753640270313
28.16398660444294
24.38612771385997
33.74644891067223
37.55435184019832
22.22450564407681
25.382910972067418
26.05312073449036
23.54357010135912
26.289839176582625
24.969424670454185
22.487980370503745
24.744697910056964
27.6705768525428
29.7797649276319
23.57211986166591
30.583238684721398
28.956581598502698
33.54517839539692
22.25581757440459
25.654269577156906
28.491934039867406
27.035971608523138
33.62655169951322
26.85177543897999
23.895472778086763
25.154894848073557
28.599691784217683
22.134344995892
30.944018726551977
26.18886199731241
27.046052547776252
24.048025346853557
24.62586100778563
28.72394616632744
24.667808298174727
32.78539299293802
30.875997230628318
39.27002182170076
20.734708672279428
20.661739477229393
35.30063737104782
21.268061676249417
24.56745040092904
31.878579352693006
30.449675846758424
22.90389623956652
27.582305889285802
21.623303492338422
28.194599139009892
29.13950882891068
29.44952631582209
29.272148162404733
33.66156091528574
28.451672333714114
27.402499289993724
28.87961785319633
31.394828107459517
22.0625893808971
27.298933747172022
34.255399169458585
22.818357320265587
28.019874406433747
27.712971109250635
26.212577777133216
29.941454722768913
30.27391241033472
33.5108084644621
32.21823598782581
33.79834915488179
23.68902737660424
35.2194267407289
26.00709160744122
27.35012478427333
21.918173437973778
26.61263281907028
27.700717622593423
29.19185965505241
30.467744189135928
32.33088443102526
30.516652428342542
26.950372838488093
23.32417407401447
28.205864884938283
24.40669191324285
21.082925222936073
29.02275182127134
26.08596581500712
29.06918753273668
24.07695651343778
31.413629552420822
29.536870231405572
35.80445013580075
31.22144286759677
24.386888035590506
27.074241697326954
24.234600761724373
31.531897953134763
32.16473914750811
25.937727521323822
30.839873008083384
24.80589154857391
32.29719128329285
27.233763000350674
31.67905962519369
23.98046209556832
29.60535694358993
36.32708693033633
26.08638137100907
21.432510726207838
27.827542765217434
33.13480981729997
26.20101554378804
26.679072509162665
24.17092142766715
27.883198208827142
28.08873159500027
31.679926124930855
36.69467686302809
27.498579475399243
32.37734204338285
26.675627371477926
26.13337753772038
33.981692187269175
25.869851270413584
31.96148786191751
25.235514622432273
23.550301321616434
29.04509482886303
32.5601212662932
25.620432106860218
24.386229668534813
27.282676090919566
25.7258389299575
27.690938741107264
25.765323414095732
23.930131698702922
28.910327220875498
25.673175791588463
33.75400055083826
34.5923640488867
30.729549648967517
31.072842574964614
22.559193180404638
25.459879495990386
23.541586202735726
24.402664617056843
24.410581615214497
32.56859010811685
29.783900091076564
24.31997197158117
30.089063507434314
23.118971345527765
27.789977601929554
23.57606595702174
30.19801336714404
32.746735503146404
29.13255624899433
28.529928216923885
23.469162500762398
25.68146540168366
26.514991731700484
28.493249446032188
30.69390100570146
27.35552285804804
30.49789020126333
29.92843617801686
29.510708818817594
31.658783237134443
23.89830044315507
26.83500535266887
29.525456479678393
28.278084718695837
26.041938605723004
33.27492143268811
23.899617753948856
22.927346646698187
28.80142637472643
27.97383168986709
36.70305927004958
21.135156486429622
23.84341579218624
24.65707355413705
27.721566205901734
33.317139631488
28.968842109767355
23.423398618332975
22.472471389795814
20.457170189332217
38.88171113217313
29.00713153732158
33.01101937914902
18.71521627720814
28.400039053524097
29.295642001324484
26.668431013263444
20.899751917176655
18.993524828499687
19.736935627795265
30.179727276447554
26.813290902301684
27.58081454204142
26.191863293805
30.950140283003748
22.455272743711376
28.754497223530453
21.751826269740683
30.29661430479905
36.18624659542293
24.201781195708335
30.335765428006873
25.882011126285523
24.21750169075305
24.881127188296535
29.77920313121617
24.259137123440418
40.417539667042256
26.59065570363009
37.163372863924316
27.74346387155896
26.580454945603304
26.21357061086097
22.172023307428656
26.598420356988534
23.559444132287002
28.335285572309914
23.602628754952537
31.260199840968973
25.377555149988666
25.572066145112963
18.84926210347799
26.96333182037404
30.97699120745069
25.647848375494117
25.526650980202508
26.29801724573596
20.351400346342864
34.40307658505432
29.54132150497033
22.48242012542736
27.54463437536997
31.297004335572552
40.60689378483634
26.396080705199598
27.67896870978353
25.674902140372755
27.57092935303257
30.569123438421943
28.137831457752544
30.916985278610603
28.598601631096994
24.37788669041052
34.50413302435151
34.92081305757373
29.842862524036228
29.51752727208436
27.44529209455333
31.202900271044438
29.160615003043684
31.066067917530013
28.06873000907636
26.411562365417655
23.185423568061683
26.3085489579833
25.098553214889396
27.307847870497614
32.55480690757715
29.530747497561347
23.278131669223065
29.38280034950714
27.310428803155894
31.39519026158005
30.21877634783311
27.02874960754192
23.065147943166462
26.154648197371213
28.370846023529218
28.77764182445867
25.991034220085115
32.03918372841045
28.616537326612907
23.78931383870783
25.792302516626673
30.232154735773342
26.813501014577756
34.925266024176274
27.065816666226016
26.587428368349165
26.375508453214866
32.25242008246989
23.803016418974565
31.930038383816
24.917201129939357
24.262128484411384
28.37865078793061
34.86728557775177
18.146531230315148
23.3594784735287
17.396637883917045
30.219050650397257
31.271506444494282
28.152088550051282
29.530148797820686
28.48728988202585
27.432959492860615
29.569079257277433
27.58476570110288
23.42971568857242
25.082703204644474
28.51823690798224
28.14128351545499
25.870953524812382
27.6817207150733
29.60500869537052
25.45947008070666
27.261865857173877
34.003710979815814
30.819135288989706
28.71650037068774
25.321907026720613
24.803525892864698
22.414717151952274
25.46813947644315
28.099680712369743
28.78565602454644
30.418584968572382
27.26869658580978
27.01500658533843
25.33832268577208
33.9386720445958
27.007653165857878
35.770960610256466
27.912198378121634
28.210703554595494
18.0901364982622
22.45518436224025
25.51143181821621
29.969835268393354
33.12522068197135
32.78812681589189
33.819104111391056
24.72331179276782
33.5934781128959
26.173183304301546
29.380500863936494
30.033090928488424
23.989846890699837
33.99904754363799
29.836337020059236
29.742900794616887
23.581360739881603
27.471415559223004
22.07927531331244
26.745835664083376
24.316062018827033
32.73642939756222
25.741323180252202
25.2492833841609
