226.42658382923508
458.05382801549246
258.96175235154755
236.2045629020168
242.00782349501085
240.82924970063542
305.62811511177665
272.2048715343571
245.70544902577328
240.02618408682036
222.03137190682884
228.0806337536739
172.8161744318845
272.0384275252024
208.3508204099808
309.96465806916797
244.69226559688883
270.80547681255257
220.0361762985601
278.7396032239669
284.4801764707648
231.92020322345405
200.04797172291643
258.4144701873068
237.87633460634774
290.63439710337
275.51515565426257
220.3627113612492
252.7637473069429
253.82039142076613
305.86706262386696
246.39425119114523
294.7558171537247
247.91361531537402
249.6541943912451
227.74888562284548
250.1339231795004
215.08579523082716
252.325975988686
254.23722933987153
283.63194214633376
227.0991939623306
269.71329846847254
224.943852630822
239.63454982301778
288.56843128239717
336.27041058334976
260.2003970629681
254.66598106619654
201.8670025991123
284.93153461386606
265.23910366489304
273.7489807956675
212.81782940430193
267.5727249148025
310.0246042366853
266.94538897145617
230.8019666129062
172.72043688079523
244.8037538048811
200.4055569697616
233.56389534740484
298.22077565427594
219.7320011264989
315.5255381038795
234.0676638181097
235.49165562293507
255.71810875407093
241.8443819933365
228.5503927748825
291.9384375786839
221.69602941106191
253.2007925491256
219.88449435486663
239.85506092790746
255.84245201704678
258.3893301527431
323.7805094195834
252.448574485227
294.10619269223906
228.21060572064295
241.99680421847822
322.0522621929226
331.4755455761468
261.97649016195857
260.34063663028485
320.4118337038415
250.71195180967854
199.62696365881277
265.8415378576291
270.7483953891591
248.47047197991284
266.3243089781905
273.54453618047984
259.312625559418
249.5661835185767
259.7527939045852
208.67024932250627
269.8861435844961
307.1029331666129
284.8833507713896
304.48377696579763
231.1616502155688
308.3388690870245
234.05464015340678
330.8244304073806
263.40212881809913
279.94496121348004
271.5072421844027
305.8433161102249
289.4457910000964
323.4796093128481
249.40908397397996
237.08134201338726
248.78676310249912
280.6386037948219
282.86247345318395
249.2396420599205
262.4855790704211
233.98074651033235
259.66999458357435
234.28027337943874
259.75604316704505
237.32295520844906
257.38605100276277
245.03945838811876
241.27084782505884
215.52139213094102
291.00535765915754
225.45084287293082
312.88521259418985
229.63346251504748
255.6261411350214
250.3591404835798
221.70545026201194
231.04652758339847
236.42561206893336
269.74107043619165
187.82920164806634
252.3540738191664
243.35047307591577
289.5785483389943
241.46776692608108
289.0987381938491
239.9787852055364
297.863034578005
243.27906086648886
234.43004347945595
319.47684523622513
230.7800113805372
278.3846522900087
214.63196326636552
229.69056224218915
263.0802474134174
251.64453539421245
223.98430304389342
256.4873628223191
248.24941104033869
273.40432589058827
231.09058199347032
217.92738314444887
265.17422624913854
237.4341887772013
260.6740100322774
203.25456065147034
301.8019339903473
254.59022142471107
223.15067960755047
249.9524173819661
277.98579015956653
274.6050720136665
295.6685197255121
208.79269048134614
205.8910727265293
203.39237935330988
247.0709063561787
217.8927881691396
358.98310475155887
240.29999183998643
234.78563850644363
298.0815236075411
203.6033186535394
282.8697550445707
237.6197279094445
250.49584055208277
221.44816958417522
216.1582337501597
333.08788928196503
246.3346768441986
229.23534212591497
240.27684298206026
274.27990604006123
244.6914851263134
254.62276872293896
215.19387209103581
208.36846485212925
217.36115008299453
236.51702899005306
261.13216599292326
260.5067235894336
339.9331106440933
274.3467844558438
255.19674241335244
224.94389266665593
259.28389192752115
250.827324826754
219.34613605979342
239.04339159587346
231.47020487036693
238.68581671327533
263.5104583311442
300.6918398134864
241.88050676481785
248.93731172530622
224.12246863030265
244.37369967174166
210.67568255801098
217.5811682099969
311.5645701103553
278.90240293189595
325.94759336240486
301.80281520260564
228.3881320739388
210.47184854823712
291.49493081467796
203.45356792462792
204.474372702224
205.21930034900635
252.8334945944326
267.2764741212056
221.24760850083035
337.3659672687751
256.75700349103823
276.42398698955634
258.6330743050219
326.51992884411465
226.68138748865266
239.06438642783482
238.49920048244385
271.67109538192653
247.59443993180267
280.4805053692098
221.34297179425946
233.6653101116416
256.5059721042301
223.74843597545888
243.03085789366835
253.79559182725367
248.79479866757958
244.3746766171068
241.71086794292924
215.85635769960226
232.29323517509837
267.99176958882737
203.61355070683865
242.8746426358487
282.6305424411793
288.09706836883595
213.06471069912465
273.41344922490686
250.6868372602254
245.04962036550046
337.0334956507844
228.99891185195253
284.6827393120256
269.64878906919506
218.44694108576257
190.84749666883334
209.5698705147856
285.87563167705645
232.2319611237367
272.35909334776716
263.9377416702824
251.72827798652477
227.49331487413016
231.44835324705673
177.33265865631176
270.9045483722405
243.993906364611
286.9233384868819
226.5645667919422
268.5788669147831
307.6571628379583
211.9810521884753
403.94264801573377
225.10424304673631
323.01694679629884
224.74209276504152
208.40998926062665
222.66241485000927
255.4877700667781
306.33378499307025
271.4123266589929
222.5565626939731
256.4768235730152
243.71867338688477
259.1654648844339
241.78659268021795
233.64667557183242
228.04802243039342
252.8384622893661
194.70426188698485
236.21843474357155
255.93329847975576
337.72478725007016
268.74046395838866
287.67215498615207
225.94703706385093
224.01900968946387
307.1834783499419
253.37310896368504
258.5787008497696
204.85165613561327
222.4851668255577
233.42168743174065
227.99110736517082
237.09232753339109
299.04651277200156
219.45306119030056
227.80478914264896
218.60655159404007
211.53606038897416
237.12420787892464
197.15171575316418
215.11087409639532
290.9188712377203
225.85850909744403
225.17121865581282
279.36279932693486
213.93795462133676
242.4225380976611
224.9781043138341
238.76167906099786
205.32051770983733
209.12867921477462
216.94334166800405
232.13054111924626
276.358387110723
244.94145305122348
246.72545272218983
285.6347701707046
249.4394890049022
271.14703336854325
209.6542129370038
228.39009833660305
297.30394348871545
284.33551787751554
252.03714477940835
306.13011315888764
266.1216671198189
250.67847385371948
247.33586080236446
235.61243582673234
221.89967489580675
250.15563943768652
229.9666612531692
248.38865901376488
248.78482286813085
262.54683168029703
260.77071735887887
209.95542202937037
286.220890611163
249.4245550392756
257.3855222689015
330.00625250671663
243.3422822889675
207.7406159768193
230.73868115374205
215.22719947316205
252.04797297520105
252.29610897668013
181.44608683268135
194.372921743532
320.33288508547975
246.03334939367934
214.62814673004618
250.64373914447148
263.76108563596256
228.14593740691143
254.4319667341177
252.02411429069588
186.59414803551672
206.06258581314825
225.23219001873002
278.450016790973
260.2304780266343
230.41136794224144
310.6325435025754
317.45459404219724
226.75174553756602
234.48844126393013
253.43271934074187
279.2307384496393
265.4289123654163
262.6717740456276
248.5616295803772
261.7260123400289
240.10003883462247
260.5862077960794
245.76323704076714
247.42812529098774
284.1545835345907
331.86244775448523
265.57237855279624
190.40763168817426
331.5041908408952
265.0943291199274
246.0262175067054
242.74336271237567
242.75606740727505
329.36460632489053
259.8669449193992
244.6913536930177
254.2372810243016
237.63817305448342
270.488237939836
259.5799194701942
228.24687236764223
247.78510339115593
220.54644550625684
227.60603325710272
205.6896177226234
286.67757824781506
300.06599143243835
351.11060709614515
194.8280002557279
330.70021977318083
269.1190027386233
242.2592963295079
227.76137372672568
216.09514793869283
310.0679855932587
226.1419015323587
229.4983458489092
263.0172881156768
289.88993478202013
251.63638323624775
196.77242389230895
220.34113895471063
220.27292561506528
270.244481465745
286.97059107905983
285.8576418368376
232.7351743701032
221.94058861535277
242.8966277673759
226.8279622458981
287.0273014597327
197.77661768758648
229.0782721508023
208.96614930850023
342.02516838989425
202.90373455994865
246.1253482840878
204.1859080181911
265.2685680239624
237.0668283377538
251.49331412271172
333.96427904381625
201.6425848201208
307.36714424002616
272.3062306486124
239.30714096069738
266.9408554551265
214.7442976352148
299.11651147650633
262.4277896436861
245.8458320137889
300.855026433448
229.93240168910447
250.027634331063
209.53034151197733
250.6052142721697
192.05829583004737
233.78863072589468
314.149613399926
231.05155552726208
246.44597652402845
213.66167724872605
263.5539321109965
188.83669078500475
225.86371404467755
255.62110508018932
286.87386569691483
224.372068707445
226.3020030446915
186.52994375952113
283.69499093251443
254.39017343996022
248.94894784057195
235.95672032747012
334.95881737811
367.995036415335
225.39820834984081
237.5388504909324
251.08253332019234
232.44629903707076
227.66933494392472
187.72677710065167
223.3460943457547
276.2916904518716
272.37282587462147
176.24956013706685
194.84511769658351
223.48964467681023
229.4258946578266
262.3853909741982
248.40759361198036
221.01679828723937
223.6795177952598
272.31645758822964
209.10893558184603
258.4660789785046
210.12189706325694
225.9385388899715
258.6085725251798
204.93057535909895
211.64532791662293
229.06718668038226
189.76590395353375
264.4940309573857
227.35418465802118
312.44934775539815
237.21963425661198
309.8248357930213
270.4993932575781
302.87830748123264
235.91182051252594
206.70688408960513
249.0824083941371
316.052656486473
232.85104034776438
223.7095920861511
186.78908311072223
282.69084163959855
231.65843731996938
219.74023662831706
289.4277136470495
295.89891719434877
279.09218726929606
242.94163499628382
265.3615797688643
244.2987318337726
211.5286825506613
228.08479940063933
250.39129212038574
282.40134534625207
288.42171626577533
262.2993933198973
234.7496198628375
215.1248790387147
227.7759242280538
226.852558889845
240.25649078957017
257.84508708625987
259.20642415382684
207.3653588912149
307.0977414471979
251.5863818693474
256.05909400727813
254.27106247049326
203.15887600913572
195.11106338167056
268.44273625308745
239.74037806693582
256.3243197210342
227.60355725127852
247.50140474112555
302.9386128949537
251.2877912382142
229.15059746623228
274.8196973521047
288.8101586089099
261.63123968813653
225.99066206194348
175.4624199781077
299.21814677157806
232.93380765518714
256.9677968865512
247.76508149052734
272.55963565678536
411.81024562094086
244.94176134701098
300.641808583472
268.65911969252915
203.90494328330118
296.35501659508225
281.6263136010432
224.9129075200002
242.11917045453708
284.781112844278
303.0225832715541
255.97918578267377
207.3495248706779
327.33301503749135
219.48084055487476
327.0791749255015
327.5980260703485
255.51795235206166
218.82930226818706
268.2795982399585
262.36412692284995
246.12554096963203
278.19009584823164
218.67922133862993
241.07540465686867
294.97043321006527
311.99065782026037
216.72735366763132
233.55120248466568
237.68168897431508
266.90879667101854
245.68923354194564
216.20512764867138
240.2837608689759
218.43767120301806
170.75792493279602
252.94311063277027
229.2917211911134
235.21457167710116
327.57005181445027
259.3984373121633
287.5958359588386
269.8497170704901
422.11615037023796
236.0599701741363
235.0245616766732
316.8696939019006
288.0584306582778
213.94808346777322
225.74340013073345
221.42906552173378
264.9121290402318
368.0063404080883
251.59112018044723
218.310234706611
268.4780997646801
215.34401573970206
247.98129961285784
261.9960099117805
177.8927458839953
246.99797861499812
316.9450190310918
213.1311592600827
256.98789995461624
280.40387976423386
308.51686094398536
255.8790937913162
267.41799683955907
236.53605928270144
263.71757833641294
234.99861487420455
243.4078994633298
257.92251199062883
214.63939420444063
220.63829846565258
219.42220122010556
266.89181157964714
233.88193099185227
231.68371813150966
332.18836064467257
253.4083737485946
258.5321416867934
258.3048787649594
226.5980795051922
175.4778299131796
189.59220620130208
221.4680514504256
222.26857852631196
278.74395344786063
303.938924254601
247.55018588537942
211.17894889115558
220.93888046607003
208.90540266749667
251.61173812756172
309.83473905820586
191.89521758399354
245.24081637294577
232.46872491541865
268.2329443868634
257.0759368945944
296.73880939390347
230.31870351536304
232.74816221275998
211.73717435072078
239.460517914966
200.14862692052392
241.44716489023702
195.77241046845455
258.22263266801195
219.90117463628235
272.172194816709
239.46349167585527
217.8089234431007
211.63142321579573
222.2030290940019
346.39252412987025
295.6669697325072
232.1532467173303
214.77656981221546
231.36750496330075
257.2988206183353
266.0098940551673
287.2867901710073
205.49899400451062
268.1041806658905
218.86643614205394
287.1319518219201
219.5109884334594
214.76706498950662
278.0344258968606
266.0200546608052
239.8210959428882
243.34682883066077
294.0962084501899
278.70328333208465
214.3092595672007
268.93778371032874
182.6781313997351
237.98169903495443
239.71392082900974
206.37408246678447
225.69630840935224
228.94469082638784
234.7644945126226
233.1566861168637
243.15976072093574
219.89712541946736
215.10026532581165
244.9631452056182
247.2113929848954
263.96477287001073
219.82128735466804
251.8638118108639
310.298278330565
262.32470142857477
242.4876053629338
225.68965352045709
230.59369733844568
268.6503251658768
273.27983632789017
240.92297050323097
339.4385870707278
292.9221293705818
255.47262626365819
261.5480905796037
235.35082236671178
227.6493333996183
259.593525283306
294.82882684963135
374.39750196816334
217.29858426228998
243.59466644768716
268.95681265167065
216.13660431338954
273.6078236679937
275.8680189014875
187.54228526544802
252.204369512649
273.63181985852464
243.92273748819838
240.41736612757504
283.1890645719784
254.85579779420104
237.72207140407707
194.90312897838706
262.7660653387525
232.97164476344216
238.81652090580891
231.26169782342444
282.8292274676447
249.07635792302278
285.1757435177733
254.74293098652518
212.0243158425247
284.6357881049623
256.2767046748428
218.20413827113467
282.26368641827844
200.21004138609146
312.98093760486785
311.41574048223777
206.18519596219272
206.93028317716966
252.07875941724092
226.7392624206433
239.17320018145804
319.32343845244367
274.8518635658652
267.7577039910034
263.52300283420755
258.046487951875
215.31108043261057
247.8380097985938
260.9514330738319
324.14076608935517
179.60584682910428
248.6264143988424
294.64841234329566
207.79221005770182
231.4090983501512
235.9433737613425
234.77990128865594
235.35864551990014
246.70954183866922
222.29591687095083
245.61374093661703
236.4277090826338
286.73804244700864
247.28651202441844
203.05539269691286
287.9884309097866
233.15455604986238
203.70186425717156
214.03935940870934
272.06508877238105
272.95192354210207
277.8657886056148
293.9192189288603
220.79555745171825
257.5667657776996
272.8509064735617
217.41821552985905
211.35656827834865
270.43016314350365
305.0660039258709
204.0711490773597
273.196662844031
178.28612307760267
263.9530147110282
225.84973490708717
268.47320916200226
269.8032355708843
228.84317055843297
215.64601053515167
260.4371011669602
217.5423888217989
183.61529492766218
253.93249209551152
244.61683558059357
252.83395226597887
267.0670071670808
203.1036340817622
270.9343770674644
207.57174071540206
305.0360246747065
218.18044006487034
283.80546160322166
264.75483647224445
247.07996057452078
288.8233197330331
231.22196262218753
254.34771871231726
235.0168087317792
213.9853596922697
235.7474881705594
276.17889210387955
227.62936899831962
232.19565808792373
255.79393711708659
254.0305271238088
227.3666954345297
227.17698193974735
234.2758819938495
289.6999728240673
200.56267197191215
242.89150920018048
315.2503515626532
231.91817106130344
209.74636375804536
265.2672025777587
220.78861995676885
200.77177159748547
280.914063735164
210.51187999935962
239.10415152302915
228.82859518392218
252.69232782737126
194.35239750533063
242.50530008366167
198.86787220420248
277.7371284821187
267.4890278886302
313.6761281703458
252.3288139441419
268.8325194593918
259.5307512061606
237.42818578112298
246.32573591663234
269.86576978844283
292.68204054661084
163.47261370031688
295.79207155980504
268.71906070325764
225.8149525124269
232.74791157430045
279.51854174821045
210.63399884003846
251.1943421902682
242.16822759237084
305.09356597018984
279.23950563373756
237.66328467468173
286.9068347486479
296.5215083724278
227.27888817244985
232.70105427994514
275.0359625725366
253.8583164441089
289.5760092828289
259.87187700391115
317.95694887751375
292.48664652037877
240.65691123419748
239.01702985577217
296.0882564058039
263.913769699221
207.93403637994675
219.65689310401646
239.80413021753571
232.06346409162163
279.51987453733545
339.85079168825183
351.45457995402836
208.27322989128584
221.78743581813563
203.27609191587948
215.49900042668602
219.93433702174923
269.095781479967
221.0238686630536
237.80221916959775
217.56661630119132
299.1503093671386
298.14041817714406
223.39930496982274
206.3119527461901
257.0205899334546
257.1163948557184
233.46244529365353
220.60480572305772
286.90614750245226
242.13977315051372
243.51381240266247
283.9256366997899
210.14841872175543
238.5539931921484
235.99283825884538
273.6493698453199
311.80317633768055
319.37081590219776
263.3170532567545
236.50515010293313
218.80741258043744
265.9680564577973
264.40947883713835
220.1500943687408
283.4702446494928
238.75478666260878
272.0449628159955
253.928964303073
277.60613791123404
260.2244829898171
208.32064641350078
230.59203742585944
222.5580941049505
217.29446497340558
251.34100169658328
228.42769023539884
294.36714639985314
249.46517891258344
218.83187394571965
248.4886977096317
256.6861536166413
208.46665189580006
256.4110665025575
193.19401874574012
190.35722925454883
206.61106451219268
268.49537675874495
267.55926775781813
297.9250657768833
216.7742940861286
243.70921533812702
224.08256255439233
259.2987428199769
256.63368923414754
194.1030131122066
259.01178015104335
257.0628176872455
250.10828822491146
216.47247979228834
240.23819455590387
262.41383056827755
209.24214139286784
260.72964377036277
196.05966493497436
272.361342412063
282.25410039918677
