54.0
27.0
47.0
52.0
50.0
51.0
40.0
45.0
50.0
52.0
55.0
53.0
71.0
45.0
59.0
39.0
50.0
46.0
56.0
44.0
42.0
53.0
61.0
48.0
52.0
42.0
45.0
55.0
49.0
48.0
40.0
50.0
42.0
50.0
49.0
53.0
49.0
58.0
48.0
48.0
43.0
54.0
45.0
54.0
51.0
43.0
37.0
47.0
48.0
60.0
43.0
47.0
45.0
58.0
46.0
40.0
47.0
53.0
70.0
50.0
61.0
53.0
41.0
55.0
39.0
53.0
52.0
47.0
51.0
53.0
42.0
55.0
48.0
56.0
51.0
48.0
47.0
38.0
48.0
42.0
54.0
51.0
38.0
37.0
48.0
47.0
38.0
49.0
61.0
46.0
44.0
49.0
45.0
45.0
47.0
49.0
47.0
60.0
44.0
40.0
43.0
40.0
53.0
40.0
54.0
37.0
47.0
43.0
45.0
40.0
42.0
38.0
49.0
52.0
48.0
44.0
44.0
49.0
46.0
52.0
47.0
51.0
47.0
52.0
48.0
50.0
51.0
57.0
43.0
54.0
39.0
53.0
48.0
50.0
55.0
53.0
52.0
47.0
64.0
48.0
50.0
42.0
52.0
42.0
51.0
41.0
50.0
52.0
39.0
53.0
44.0
57.0
53.0
47.0
49.0
54.0
49.0
50.0
45.0
53.0
56.0
46.0
52.0
47.0
61.0
41.0
48.0
54.0
49.0
44.0
45.0
41.0
59.0
58.0
60.0
50.0
56.0
35.0
52.0
52.0
41.0
60.0
44.0
52.0
48.0
55.0
58.0
37.0
49.0
53.0
52.0
45.0
50.0
48.0
57.0
58.0
57.0
52.0
47.0
47.0
36.0
45.0
48.0
55.0
47.0
49.0
56.0
51.0
53.0
51.0
47.0
41.0
51.0
49.0
55.0
50.0
59.0
56.0
39.0
44.0
37.0
40.0
54.0
58.0
42.0
60.0
60.0
60.0
49.0
46.0
55.0
36.0
48.0
44.0
48.0
38.0
55.0
51.0
51.0
45.0
50.0
44.0
55.0
53.0
48.0
55.0
50.0
49.0
49.0
49.0
50.0
58.0
51.0
47.0
60.0
50.0
44.0
42.0
57.0
45.0
50.0
50.0
37.0
54.0
43.0
46.0
57.0
65.0
58.0
43.0
53.0
45.0
47.0
48.0
54.0
54.0
69.0
45.0
50.0
43.0
54.0
46.0
40.0
58.0
30.0
55.0
38.0
56.0
59.0
55.0
48.0
40.0
46.0
56.0
48.0
49.0
47.0
51.0
53.0
53.0
49.0
63.0
52.0
48.0
37.0
45.0
43.0
55.0
54.0
40.0
49.0
48.0
59.0
54.0
53.0
53.0
51.0
42.0
56.0
54.0
55.0
57.0
51.0
63.0
58.0
42.0
55.0
54.0
44.0
57.0
50.0
54.0
51.0
60.0
59.0
56.0
52.0
45.0
51.0
50.0
43.0
50.0
45.0
59.0
53.0
41.0
43.0
49.0
40.0
47.0
50.0
48.0
52.0
56.0
50.0
53.0
49.0
49.0
47.0
47.0
58.0
43.0
49.0
48.0
37.0
51.0
59.0
53.0
57.0
49.0
49.0
69.0
63.0
38.0
50.0
57.0
49.0
46.0
54.0
48.0
49.0
66.0
60.0
55.0
44.0
47.0
54.0
40.0
39.0
54.0
52.0
49.0
44.0
46.0
47.0
50.0
47.0
51.0
47.0
50.0
50.0
43.0
37.0
46.0
64.0
37.0
46.0
50.0
50.0
51.0
38.0
47.0
50.0
48.0
52.0
46.0
48.0
54.0
49.0
56.0
55.0
60.0
43.0
41.0
35.0
62.0
37.0
46.0
50.0
53.0
57.0
40.0
54.0
53.0
46.0
42.0
49.0
63.0
56.0
56.0
46.0
43.0
43.0
52.0
55.0
50.0
55.0
43.0
62.0
54.0
59.0
36.0
60.0
50.0
59.0
46.0
51.0
48.0
37.0
61.0
39.0
45.0
51.0
47.0
57.0
41.0
47.0
50.0
41.0
54.0
49.0
60.0
49.0
64.0
52.0
39.0
52.0
50.0
58.0
46.0
65.0
54.0
47.0
43.0
54.0
54.0
67.0
43.0
48.0
48.0
52.0
37.0
33.0
55.0
51.0
50.0
53.0
54.0
65.0
55.0
45.0
45.0
71.0
63.0
55.0
53.0
46.0
49.0
55.0
55.0
44.0
59.0
48.0
58.0
53.0
47.0
61.0
57.0
53.0
65.0
47.0
55.0
39.0
52.0
40.0
45.0
40.0
52.0
58.0
50.0
39.0
53.0
54.0
65.0
43.0
53.0
56.0
42.0
42.0
44.0
51.0
47.0
50.0
58.0
54.0
49.0
44.0
43.0
46.0
53.0
57.0
55.0
54.0
51.0
47.0
47.0
59.0
41.0
49.0
47.0
48.0
61.0
64.0
46.0
51.0
48.0
53.0
49.0
41.0
49.0
53.0
44.0
43.0
46.0
54.0
69.0
41.0
53.0
48.0
50.0
45.0
30.0
50.0
40.0
45.0
60.0
41.0
44.0
54.0
50.0
43.0
41.0
48.0
59.0
38.0
56.0
37.0
37.0
48.0
57.0
46.0
46.0
50.0
45.0
56.0
51.0
41.0
40.0
56.0
53.0
51.0
46.0
50.0
57.0
51.0
56.0
72.0
48.0
54.0
52.0
38.0
47.0
43.0
45.0
29.0
52.0
52.0
39.0
42.0
57.0
55.0
56.0
47.0
33.0
48.0
56.0
45.0
58.0
50.0
47.0
69.0
49.0
38.0
58.0
47.0
43.0
40.0
48.0
46.0
51.0
47.0
52.0
51.0
48.0
58.0
56.0
56.0
45.0
53.0
53.0
37.0
49.0
48.0
48.0
54.0
70.0
65.0
55.0
55.0
44.0
40.0
50.0
59.0
55.0
59.0
50.0
39.0
64.0
50.0
52.0
46.0
48.0
41.0
54.0
52.0
58.0
52.0
61.0
51.0
63.0
47.0
55.0
45.0
51.0
56.0
58.0
55.0
35.0
42.0
53.0
56.0
53.0
48.0
46.0
43.0
60.0
46.0
56.0
43.0
56.0
56.0
44.0
47.0
51.0
50.0
42.0
44.0
56.0
45.0
68.0
52.0
52.0
59.0
54.0
53.0
52.0
53.0
51.0
56.0
57.0
49.0
49.0
46.0
56.0
49.0
39.0
46.0
51.0
54.0
53.0
46.0
45.0
51.0
36.0
42.0
48.0
47.0
52.0
53.0
47.0
41.0
33.0
57.0
50.0
46.0
56.0
45.0
45.0
65.0
49.0
44.0
51.0
51.0
43.0
47.0
51.0
63.0
47.0
52.0
51.0
53.0
43.0
49.0
43.0
48.0
58.0
43.0
48.0
56.0
44.0
61.0
39.0
39.0
59.0
60.0
48.0
54.0
51.0
38.0
45.0
46.0
47.0
47.0
57.0
50.0
47.0
38.0
68.0
50.0
42.0
59.0
52.0
52.0
52.0
53.0
49.0
54.0
50.0
51.0
43.0
50.0
61.0
43.0
51.0
59.0
57.0
45.0
45.0
44.0
41.0
55.0
48.0
46.0
56.0
58.0
46.0
40.0
60.0
44.0
69.0
47.0
53.0
45.0
45.0
54.0
58.0
47.0
57.0
67.0
47.0
50.0
48.0
46.0
60.0
46.0
59.0
40.0
57.0
43.0
47.0
50.0
42.0
53.0
48.0
53.0
57.0
52.0
44.0
54.0
53.0
48.0
48.0
53.0
54.0
52.0
42.0
61.0
51.0
39.0
54.0
58.0
46.0
56.0
60.0
44.0
58.0
52.0
54.0
49.0
62.0
51.0
61.0
45.0
46.0
39.0
48.0
46.0
47.0
52.0
50.0
46.0
42.0
74.0
41.0
45.0
53.0
53.0
44.0
58.0
48.0
51.0
40.0
43.0
51.0
43.0
42.0
54.0
53.0
45.0
49.0
42.0
48.0
39.0
42.0
51.0
52.0
42.0
46.0
59.0
55.0
51.0
53.0
43.0
35.0
35.0
59.0
56.0
60.0
57.0
55.0
46.0
56.0
52.0
56.0
41.0
41.0
55.0
60.0
48.0
48.0
53.0
56.0
43.0
51.0
51.0
43.0
59.0
51.0
52.0
45.0
39.0
39.0
46.0
52.0
56.0
45.0
47.0
56.0
43.0
50.0
45.0
48.0
44.0
47.0
59.0
53.0
55.0
56.0
49.0
53.0
42.0
50.0
56.0
49.0
48.0
59.0
48.0
63.0
63.0
59.0
46.0
47.0
41.0
57.0
50.0
54.0
48.0
48.0
63.0
47.0
47.0
50.0
57.0
51.0
47.0
58.0
47.0
61.0
46.0
43.0
