3.134080005593748
0.5336455520230428
2.4326480180011747
4.307378288944917
2.9649956125327344
2.9273709504049354
5.387963974579617
1.5663519863867097E-13
1.2513294728228583
5.427777720360207
3.753191327045732
5.796342346900813
8.77204286993439
7.7094828760056515
5.629871381162202
0.48142144176609364
3.4381695957585405
4.155732087852328
1.8069782281117253
0.3187845119268321
9.113705838229754
0.21305037745828742
4.71897643775238
2.4160156950153655
1.6246472772025544
3.902710145673241
2.906423997040161
4.76011928943276
1.406205441770003
4.361308768243423
3.006281948428159
2.5452943155181718
5.453933740270659
1.978248826725203
4.253229480401378
4.223013893286613
3.9086284185676057
3.3059836395378737
9.963521544626834
3.0636299746291513
0.9587819430893443
6.987751886571029
0.9125367875385261
5.2980682258905825
5.98703391371621
9.769563655563086
0.8009298134075846
3.146119900475909
1.9057256224417738
3.6424921486224813
3.33887380742391
9.498958592460895
1.2058145166758651
7.266145319210867
2.6473821963078557
0.08660107359547738
5.10398635134192
3.1237200324694383
2.4755818332118875
2.2055502187685443
4.60327833836538
4.451748785440752
1.243913913283533
3.7543535533234884
4.193499554780117
3.674426986018866
2.529070942994753
4.1074110143517055
0.4990363916186634
2.6620121192452233
1.3347930469822022
3.601220186661633
4.801570893539761
1.9116870998026303
0.3034137579779157
1.776520923972484
1.674577910483825
1.225116376486743
4.211847118297432
0.8453072114302597
4.906187893848799
3.5850920426596797
0.23672893766034145
0.8057448434615345
0.6341762904477642
1.5159023174217345
2.173992278994164
5.200313899289763
2.0149437020280834
1.9071902626595334
1.1781976861913004
1.1453596903087164
0.958926675080703
2.806704190167784
1.9797116616004073
4.4634706110051425
2.322083939953676
2.945439804159321
0.4230210905433658
1.3488795556474884
3.181678753735088
1.9636432727168995
6.424007927229841
9.4000092676311
3.150548205922502
-3.3798789592912876E-14
2.8062933766837124
0.8874958424787036
2.4668403900085045
2.93619575270809
1.5518755780918105
2.2315533775979146
4.468679483214832
2.001332690564919
4.736951571734001E-15
2.359066044985091
3.389529116131877
0.9611379011127601
1.7817545608300496
4.551522152868174
2.908970969338512
6.936063100648916
2.1984974193370275
2.812894295916692
2.3627936821791358
2.258705697885225
4.885756737215258
1.4151427263263023
2.6370453813084107
2.3628197945140865
3.317298832394231
2.9258159765631504
2.2068827315774513
1.747988498092077
7.68096690350542
2.3487005138549346
2.254068148311262
1.6876809080009199
7.0655233963016535
4.566222714389558
1.6189995728602753
9.96479480828834
4.9019740634833076
3.208804953299082
1.9909574304978486
5.940185538058763
2.0415617791675595
2.7495642114767738
6.01616599456805
7.075484325527127
2.5494272425527345
1.6307001166566741
3.0883339377139434
2.374029795435855
1.2305587094273163
5.573898862141795
1.9976158087543687
2.2807815922146575
0.8585873206976834
2.6957796205738562
4.972407381363785
6.229111872795042
0.7905416427464528
7.549942691967167
2.9881946869040914
0.53363051371462
3.5487204255487512
1.6019944282362868
3.273334236697667
6.11235610805233
2.850950591275023
0.5016592082970169
2.196058898424272
8.196880895033932
3.3245675150952594
5.380481231431472
5.40816255906008
2.1852298062682003
4.382258461502195
0.9700929975039247
0.6659577346399879
9.74845323150535
2.6777882720674806
2.070486694354394
8.810317302846295
2.2830540616144597
3.4518581275230904
0.20999533080538565
0.9930922428459883
7.8846548673148575
2.533565938578048
3.697745310375285
2.937221912352543
1.3110470775983316
8.237965719551806
5.436703144217282
1.7211082277795595
2.512831804638993
4.099121066879361
3.1188994540455237
2.215990352573701
4.946098207392065
0.6685185336454964
5.247044797058941
2.9208142471993646
7.80424336187727
5.178784129380436
7.659937434719553
1.5937029064695476
12.392473117036802
7.624181489671169
5.950084196830764
1.4317751452757803
1.7272270479957301
5.682124545144296
2.3706447954092074
1.802004873759839
6.6784243381978206
7.149267931901943
1.0322731556226885
2.65417691586154
-4.263256414560601E-14
1.175187372085622
6.654958796143429
5.202190304862706
4.477302872780675
11.48031571496978
10.358281337428734
7.49201932005151
2.510750637959073
7.285918499581335
6.032832416182022
0.8381431906048485
0.5250887330020181
8.541984397097787
2.3063368621767943
12.17837193760216
1.4993138750748058
8.223192236003221
7.1995441452704805
1.010517891335794
0.5615154701135494
2.5820597231461306
3.7788431501759367
8.334844721915255
4.154223523401962
1.7645160927556254
1.1583123281254943
2.830073678878404
1.7896879628364406
4.490138781719761
5.847775673069491
6.695770415372506
2.6884561366443664
3.807755983905948
3.306363406342093
6.361940574405522
8.910523913257
16.156510608065847
6.943287812968776
2.8627073135122147
4.262030421648992
4.230209231104309
0.5571310754560019
4.095519656170313
7.381659416979895
8.6280003889966
1.6552059272988047
2.1433165135188785
3.248477658500945
2.001810192933637
5.009617815533183
2.525016121724335
2.1451669830607423
3.178066844959458
3.104428047571269
5.386363376548257
0.22790279932641574
1.7752090711128585
7.987799962788068
4.809126113922149
5.460281856701272
5.8505355481628385
2.1741695238283683
7.200166389035682E-14
2.2446889801437546
4.626450815600068
0.5498601634354016
4.191543045568851
7.569284301038289
6.414819545634624
8.53118734226128
5.525943213700484
5.8578264570750695
3.048526186038307
3.949126580303472
1.8909629643782302
1.5699464131678535
1.69785828935544
3.3505244950507995
1.5304777816314916
2.080441103231304
7.614146423119039
6.5564728051156225
3.0418145722432373
1.640913566286003
1.2842170532150392
3.8648422696111786
1.6080431443262897
2.8288433511415634
8.074945127149931
6.501009189951844
1.010640781554465
6.164189300476972
2.8943882397674625
6.440099831915409
1.2250145947446873
2.709383184535297
4.495365001589708
1.3853971250639756
1.6559251492416975
4.521423726517896
0.21347935128513057
1.1154360657837934
6.070408402972354
4.869401342640171
8.259054614942823
10.053502015464048
3.721224032442504
7.294001485211777
4.47290578741452
2.501884363748108
3.5946888202629275
1.0266955250453862
4.669698696598902
2.9677053128743904
6.968481855347447
3.1482802171518767
2.198673045974597
9.010208093854562
3.226254226166126
11.360505595546774
3.73391300462816
1.4863048171807727
19.164429832788485
5.468588666014506
1.1870486290089513
1.4570797814690382
3.3977018990393617
7.983281736515292
2.265380178029127
4.682205900631298
0.11145002184701105
7.875715184274213
6.444044061063
4.781178790481693
1.5277314847936692
3.2238610773330056
1.7671668169901857
2.3925018953983703
4.04689629121667
2.115103957611461E-14
3.545102447780205
6.106868041096092
0.9041925436174244
7.287265009479178
5.659591421610978
2.520939469168555
0.9010023635138057
4.371958259656107
2.8229521384248666
8.582708006819923
6.048195682115066
4.540857479798098
4.626339947512711
1.541617370926803
1.0445144188122877
2.4414575463211983
3.1269372713967707
1.7421656473726916
6.502131314060316
8.43879165232787
3.6136794861083064
3.8055177714503396
8.583456383671097
0.7292923490645612
3.445722338842672
10.463662654116751
0.43681335691937817
3.515618270478289
1.1887265498375672
0.045055979625259375
0.8139741581962364
2.5848884905065748
2.6082581732848764
2.4359601367716506
1.3048358669208353
3.7613466937325573
3.295215848424369
9.889082153712762
3.7161588575216182
2.440693431210357
1.2148481251726997
2.765491750226251
7.040471081262652
0.7741389995438518
3.399893352555874
4.099754031507932
4.390706865721613
-3.566645889305601E-14
4.6085962040386725
2.587131311175199
6.774809254398956
1.6007617620940995
2.3152805365516147
3.57469195051534
3.3528446893934976
4.47153828066319
3.554176426689101
3.348574063919204
3.1474055595691093
12.432094660119343
4.620259383867527
0.5544452804091212
3.6007530262149237
1.8803630358279992
6.990159370505666
1.4020263253186949
2.1802122667743244
4.681183930227054
4.388034854118619
0.8917123049897271
3.3533523150156563
3.9679423763818273
2.533928943027505
2.9913929696292434
4.274704224515461
2.373288521594113
1.775544484390431
1.0863558507024444
0.9778411248563247
3.2932204630555146
1.1620114521445213
0.9017968817823404
7.0235264853919155
3.614011693369116
1.5644420759074489
2.4546534366894206
3.627729983071291
0.5268620051228683
2.6612963895549524
1.8464694070549998
4.291633026958319
3.0416337246541296
5.46584483730354
4.3034464825919
3.304630988604164
7.694023679531209
4.066838882696223
1.364620612862378
1.9557260855118352
3.2001357842431037
3.566685208123237
0.36008415767343377
3.448844087289161
1.2505061603111278
1.1234995708393274
2.3714223845358857
3.613672112140454
4.787437529405292
0.9102201011159687
1.0090955842629683
2.838709719907043
9.281335111538173
8.010151125074374
0.236466056303004
2.695782378089501
3.142084575338263
2.9969405263077338
2.33366883331751
5.421976464983247
5.960651710584199
0.6018532988979384
4.86256140706425
4.982052495385022
3.9474398656401575
2.765738624492267
1.8312947342117665
6.865556211591842
2.3012817473843845
4.19551923117911
2.1532787294662175
3.445055688533819E-15
5.710604732853976
3.9829501564747805
3.09499154019275
2.994295647051121
1.3415449969937416
4.178416982112157
2.15303677771715
2.9915993340080806
5.355058866767786
2.7084096435442517
1.3835712168265493
1.6489758863189599
6.916737147519014
2.02873305724185
1.6438390131336802
4.431148565178666
6.593585699458394
2.6411549687901883
3.7497359165369812
0.7892857772954945
9.200490250324489
3.1289975992839665
1.1771979896178784
3.149498611922667
0.43490330583955383
4.901413945377739
8.710799778884331
10.224062841440217
4.878444262017646
2.915775523973226
6.509502378716119
0.2438561121015482
1.4531489816964596
1.1249054235660765
8.77255431653358
4.626419737309538
0.16223621672558466
3.497194071936741
0.8269758021488087
7.0008161802667
2.0304895651266706
5.573463170073236
0.14397599552628307
3.6218111192672575
4.127906878676656
4.119777933652612
11.986202946487621
2.027786031705822
1.8250291816446484
14.283406284231855
8.447300281023868
3.4993489035971255
4.3535638788087505
4.030594683253231
1.7027669009417972
1.6868267717624863
8.54549083704726
13.128636930433936
8.58750935505752
1.140474456377711
5.653330258641562
0.4495546660624662
0.765945110875009
4.627664196760842
1.4877113920052834
2.823173869133143
3.308422644663885
2.454105065753879
6.458123002766093
3.911083144959669
1.3265861353269646
3.3444713546618825
3.4396511639497382
3.3183125725780034
7.558516327434532
1.4097592835676318
3.105543972278267
8.206388459543401
3.2367182734889752
5.331060669944981
1.0552443565838638
5.229716167680273
5.224493115183288
0.408574389083081
1.0215694573034766
3.801933564423152
6.719811965806366
4.564429492123013
0.1323715178488366
1.0597011413342716
1.1174532319246482
2.31023817300084
4.821639791187037
0.14446566091564042
2.300637203906996
1.4153111935211369
3.0885170945255958
10.69844622705176
1.5569405340540259
3.571667175435062
3.976760809691044
6.6276741070783185
3.5023344333996493
1.2377269519893161
1.591931832221788
0.05223996919138093
3.6805384428242682
3.43480915650201
0.9798519913276926
4.972950127523145
2.1646466816984455
1.1954483820506792
5.327142560237257
0.33858274163517255
2.838499754312579
7.365711913236067
0.32590692907397084
0.7120599573384906
4.654923516309401
4.537869850819666
12.733469328949234
2.286145947661912
3.2389680604877924
2.882495720057455
3.329270944099401
0.9743914201426757
4.831437783949241
3.092768172976168
2.11486672301853
1.1502877537700917
10.698007688529616
3.136188626803201E-14
1.0000039345755016
2.5453111306970695
2.647616932276168
1.8234213426683796
7.661214745728162
3.3372322467389743
4.665273905979267
2.675961033847419
0.6382782355930858
2.111202919733657
2.6050081069439353
2.5863376858383265
4.968355293721041
0.8920304111550013
2.0213347225471954
8.314875778013118
3.4335550815906255
3.521623112902465
2.7540980221195137
1.0295858999125242
2.144592990535948
8.792579698686314
1.8168647052954963
1.1968627058884809
1.913080495958206
0.9225184240644679
4.842075674195323
2.068380085153212
1.1892716426348169
3.1804373238869825
5.416855480002433
5.039479378218066
2.662864967472099
4.607503139388106
3.6096889616052272
5.097175762758863
1.6592818112206593
1.5113799053647863
3.7550998589004982
0.7385000132150362
11.620451965877075
3.775966019124682
2.301295913505485
3.0544172382414136
0.538008493097612
3.464492802494175
2.1295117210059833
6.445529561366773
3.2321014792371234
0.2642649059770003
1.127026917992157
0.9336903279383932
3.3708188637204373
4.608986608755636
5.79402052603618
8.875306634154537
2.041750844285789
3.5283822484420466
6.477190152966084
1.6574945861157044
6.335309782672755
3.094041647838113
3.2958167525285886
4.148416263736604
2.697265468670251
3.7379845776870444
11.163276721413265
0.9163669169857359
3.6144293742073725
5.749443050259861
13.48942983167331
7.584213052686784
2.2797934891314235
0.7487312508741947
0.5863983700931874
2.6749960531730648
3.1822399146144607
6.0760675501721595
1.966907376169388
0.94599840908614
2.6738889675966866
2.4557863488671945
7.205912211643168
3.816530764674754
2.221066911994695
10.051371896391162
4.440993532867992
3.3920848401448507
3.6458729457821946
2.484911963977088
8.265459034728863
0.9848760532140556
4.236171318914915
1.032995448342303
3.1189885118063083
5.678598092706518
4.978905888344378
5.7034655809740755
6.0487671327448504
4.968771421151115
6.178499006008997
1.1579755894275843
3.316626289915424
6.8186086258322245
1.4457234140661632
0.5573743514270778
14.823127245795227
3.1587945457505135
2.0196464087545354
3.417736009627542
2.924051386926743
1.758482415553742
4.432306858964689
5.131124510936291
1.967984619134875
1.7480656757803672
3.1960051359279382
7.56777618601588
3.0054708271028243
2.9884177862166954
12.870202894801338
8.277804726139257
2.3729135538612374
1.3721120994354445
3.231740147209766
0.753940125433601
0.014112079408260852
4.903056671663495
3.445552494780286
4.978595432559433
4.702220132975209
1.5724403809909442
2.5463460480516815
3.6013421082473474
7.037129344211531
8.311973293612125
0.8045456810784576
4.049954269395896
1.5461937916117603
1.9625354360844183
0.9212266560812035
2.008530377137955
2.23808921126332
1.2220304359933782
1.696072536582042
3.615866390128209
3.8711482680005513
1.2415898617913097
1.057198776684292
3.0430615659582116
7.710854636825768
2.2572807989214345
0.8565204832262575
0.7550564126484899
1.0733237885850817
2.125594276435978
0.7846122926627965
8.14725182893195
3.2505605821831516
2.907089135869209
2.4923594068025494
1.0649925824351765
1.3604511603990725
1.9405749350718313
3.9652490329759127
4.825937928002354
3.702102346753047
2.0621867012764983
2.047153610161355
0.5970092952032338
5.010167801495363
3.333959094195725
6.55946591613129
7.055962585266984
1.590584171434649
7.271710174787571
3.479947938032585
5.004748143131971
1.3020208106154927
3.1032588185161294
2.11358456444723
7.325503015752883
1.804704496936247
13.696855822783123
5.665543494772507
5.781198033913711
1.1405077103401566
5.0632500133581715
2.44596200929175
6.68213736558076
4.064679905423514
3.94548477878061
0.6258855706047042
2.3725555641521043
1.4383302560308393
4.811656020501641
19.581198649110235
5.447545469732829
1.54427851510919
0.9645982221538306
1.0654855003841803
1.3759557805894702
2.5556334139416736
3.588464411754687
2.6263554277593686
0.3046082061067443
4.366564833187284
3.9974159999036654
4.1016532068292895
5.78699579086822
1.553362205229993
1.6121668568775254
4.812988893863643
2.065833125576125
1.8496169445064845
4.29628401799763
2.6330872092777278
3.620024681569693
7.724801751480686
2.9038907586916793
7.124914474480316
3.567188388487247
5.305448043911491
2.256580157011222
3.8109617478590114
5.892424124601202
1.502269634298416
8.875109814477415
2.700590742429687
7.458366178083838
7.9525536807365365
2.3421992670700478
3.82897507630001
7.182283030679603
2.0985182398914413
6.370842953952703
3.0307435409580705
4.548438684671111
0.3057305224580626
2.3498426575910423
4.105055879582291
1.425191243417005
1.370743470130318
3.2113314917246556
4.164940119295604
2.376479751436646
2.176039885952763
0.9134896096073005
5.441234965736677
4.228222665583541
4.301332980843203
4.791747776896246
3.212688051084704
1.8795785743960824
8.946929456554106
2.8404034477202065
1.970563124392662
1.8284431457678592
1.5338985554797981
4.939347147789704
1.4239737211290826
2.860334111212316
1.323815272768754
3.515590307840678
2.8664867545726294
2.0852729760969266
0.9670217160177604
6.958910167661211
0.6068535545693837
4.306932258115249
5.778623454733938
3.4479747293413174
0.716259484512684
3.0017291596278555
2.957952750414942
4.474233514909281
5.0959491712535225
1.5090086370145464
1.9645322033795631
0.17804924863484367
1.6877597756711435
1.258179528161261
3.839490975299068
11.020098528802686
5.0931984510689565
0.28520209634089205
2.546845055828546
3.2509127020789026
6.631568086021578
4.611789236632144
3.811750946104212
3.3403964253540317
1.8087097224017428
3.0447898413442354
6.849682640881784
0.21304239601488684
0.3588875677513906
1.3998752965716723
2.77022052788049
2.348946233477266
4.905523369421532
6.829955403022573
3.7082092924104852
6.353914875494383
6.670626191210671
1.4534977231038708
3.812571036209054
4.634624101485626
4.9411227250260845
1.6069717757719646
4.690723679889812
4.157508087816512
6.201888405630355
0.5211067578811092
3.9526852992758563
0.2850142932945865
5.8566021619083415
5.280996514740415
10.888871899139954
5.6743540044481495
1.5945679954380245
2.9328858335099186
10.094545309210773
5.485101729613418
2.0545658860239047
2.3891099373395117
11.30070874483294
2.946774692210575
9.201582058384234
3.1017854643075435
3.363764031274847
1.0037777991665908
5.6094667821486315
5.154412525598302
3.465630262777795
5.839043815203483
0.005488892165800507
1.014971202010434
1.5395739072366867
6.116292138964713
3.1963671279528505
4.112988423756133
4.3550234657225735
1.5791886488083102
2.298288636647578
0.7003233693076579
8.019167164145047
4.70207597751231
14.316033839091762
6.388569179027741
2.8362908717532394
0.5809512884762947
3.786655915490345
5.391024374863964
5.020233926045255
4.941003293204052
5.427457617037048
4.147064678893895
3.691352082231688
6.810780148400181
0.9496303467414136
3.9546615093695103
4.221104923806891
4.3546996772045405
4.63424671688092
3.4604781495858226
2.703786882403215
3.154356611027356
4.324928697091376
1.8601146098881047
3.7112191862071198
4.970428252090177
9.549380287086583
0.22186130958680125
4.274300921309813
