33.7264628295302
21.696381885985193
27.5525435334197
32.17932315114377
28.72825201493445
30.31498945282519
27.44193324043161
21.672385034057054
27.18641016704451
30.70989431826898
31.64006249208763
31.720617008190136
39.83621283740854
39.28475319965865
32.733305707078145
26.19002761501515
31.706480496782355
29.15804571329501
29.09954584936451
24.902073283799826
40.17239502618744
28.094372603039826
34.13476017310172
32.32935282379295
32.53196689257088
26.35685766203232
27.44529929005354
35.14929521759727
22.162477655814637
33.51997335900571
34.745538315601166
32.016010770524616
37.80825920490512
31.102257969325223
26.925704167578232
36.99257411486571
34.00787192040461
28.57137399665896
38.990196306702934
32.46855345887581
27.503148345290334
35.12933433518732
28.68034556619518
42.29483076022155
30.126397062721946
40.19646317903454
29.899608414446657
27.205923982649782
31.12111234809713
35.739595548042715
26.67235574114679
49.72572260701608
32.973775796952424
36.55391957716647
34.685729525892945
29.49333726775344
33.4560956113173
26.884470715588183
26.264867395954955
28.645106410854353
31.520381118127712
32.165370554311934
28.206914546829466
35.05513143395084
30.4525680495515
29.648611034976085
27.20712850636636
26.81653082132694
19.213184568473334
32.37785222078975
30.809317649779196
29.411155777931555
24.15310721424001
29.262679204493654
30.204313180733042
35.27739460985882
26.843482148723165
24.1854068456787
34.28316511308818
31.263475587337325
35.77537882862549
31.388940112416247
33.50646454508577
24.874542679942877
31.682550042498793
29.06225699020923
29.749195810366352
38.2549276173581
27.33179470398851
28.469999695696405
31.955800474230582
27.28980743367147
27.93711570547181
27.707063489235058
24.263107113251806
30.72042172622347
27.42995871291091
27.179396690499654
25.510031981937708
30.825046232397902
27.39523655235212
30.754815983886196
43.94940149676219
39.64688687512467
26.784581297661784
24.104218212471867
29.12603135618174
29.513076734486372
27.535103636214483
32.13753860279934
33.88289883712122
27.589574126211957
33.548409608700766
27.58116424658672
23.155545578294824
29.712596940091167
35.7216568427508
24.2505849262562
26.620036986660057
30.03565150860242
37.054164636068194
34.303761462210794
28.241132291429043
29.519176119477017
31.123272667200656
22.871172193111615
30.653119811406068
33.30977494514988
36.0367872236569
29.342320852396192
29.421493594344874
34.06767889574877
23.930647162178726
24.98584201429056
40.33553078564161
30.42493761841314
29.99800222200307
27.3002491770097
33.69829566392723
39.65927369053733
27.525248761471076
43.58836345943982
30.64747848266489
31.554131532352
31.189992352681067
33.27227668991141
26.6504023653587
28.105902387271477
30.688186364496726
39.089660726389205
35.926570555537225
22.10372444212142
25.999475611768503
23.64198878981709
26.709731418468834
34.93547603035855
26.596967342268375
27.020343593759723
27.131945519346612
27.898793453765247
34.172223914248214
41.159027751614346
28.33355411327485
36.75360804742323
32.240186874115224
26.651839084510257
33.0080137221221
26.116740898912266
30.815919570816153
32.143613946558474
26.139656369855075
22.526262786026702
29.074986206142675
42.9313973098246
27.85128689965816
31.146133310942872
35.90017840843637
29.72470667691156
41.25616545659414
31.00536041355664
25.46004238409459
41.152017804864435
29.127868765731115
24.886476582176346
36.14004649101659
37.43668136236158
31.550251017768172
32.00308361907274
25.299668221867798
39.95529047684832
27.095637972697425
28.81162437455909
30.492403910796803
26.557192321052188
40.96386475354621
34.995322860254845
36.99604421542568
27.364857120213347
27.63221976179354
25.666339945004868
28.535220176037424
33.92881111326478
22.427892733167923
36.94355911399606
35.48049743109582
39.80464063525985
36.02574444076805
38.114626147971066
24.403413595279233
45.33323978045651
42.12664097014398
40.376142873489314
26.468188991289882
25.01711203937412
36.80794100427469
27.46035839550922
28.96425347747955
35.69307983473574
45.88543441668702
21.675436811785218
33.64123357103914
24.579050832778357
25.513218088584196
34.30280290450424
31.68040915587349
33.93934500499405
44.10481678689078
39.21324173447063
39.17237499356232
24.873936203860982
37.10167492691484
29.944757569026123
27.877475337137934
24.09709617389516
42.94671170564991
22.445282049252747
45.37791654682216
23.949352243667132
44.11789176606226
35.23987135209141
23.757198661834238
21.886841729305996
30.546448089383375
32.13753998012427
38.51853558915823
31.073803143361552
26.49163312532555
28.26581667964905
27.65726523842589
25.415641330382016
31.711151584623977
32.43575330807822
38.2609456962326
35.40155514636997
33.36155834650984
34.80545614000879
33.251130870859875
40.1642034917165
47.40294991222482
34.6425561213474
24.279412806961155
37.402675165385205
26.32706469504377
20.35128545175515
33.792933594276285
41.21894195011682
42.18993508263893
21.77549685634447
21.532371163478125
35.73538597288729
31.724199239583008
34.87071519447871
26.75713953932638
30.133036584080923
28.95872097053473
24.811386357602682
30.526720705169637
24.80957502539382
26.820078928182284
36.5209712517232
26.87412661155219
37.47426863034517
37.75964171332921
31.735481972763594
20.78399154251795
25.7282980427245
34.80518752997684
27.35351930942887
32.79100151088297
39.244784637285356
33.94546408545613
41.98945566640078
39.062824282544796
32.52830870226781
35.39825344546702
32.39814553410032
26.149722019996513
36.05702458351744
29.455254713199526
29.413392752388727
28.320097882436844
26.449697439871464
42.66211054240454
31.3322288269235
32.514967833984564
22.553820516362943
24.771030225882104
37.03160971672756
29.767491803324187
29.18098013873738
44.93593902023068
35.663669050431274
24.658215078825208
36.89645076096344
33.97828991480619
43.50941083952132
26.300688771710156
29.915455008282184
34.788801212271466
32.95998023586682
22.4512146843473
32.02508638400912
28.032263727864713
23.40090486539649
33.43369382771261
33.824336030559856
43.79805436932476
36.96486614238665
29.239101504230117
33.6223610071106
30.188561043796245
23.654671661432534
29.81542838714854
33.4926960507126
31.285813127987687
33.27408949831965
40.52730323110002
30.95755249091697
27.67959084837644
39.98562485249841
28.475704017475447
41.756875677562675
32.41221262203808
35.30308843820871
48.85780969009631
43.33554137163047
19.08004710355923
23.49181296165214
40.145596492196894
39.41711377860868
28.357659645424857
37.95242202350992
29.37268306316195
39.25715289115764
34.585144471499596
34.973036369916024
24.599275161650763
27.581819420320652
25.054174088984364
26.930514004465284
28.079058076461592
29.415913294898626
25.49590458416895
35.28704224496571
30.072273828876565
39.95136702469868
29.614917441851677
22.768035341006616
26.95688243747342
31.679781776237547
36.50991579937129
38.89604930236314
35.34597127975071
35.026577308913666
34.41035240394837
30.162523443906018
27.39074681023817
32.438552435661045
30.003911537428305
28.624268041573348
37.18140141669255
42.750837149656505
27.098667212225493
31.828210672989876
32.34418129157705
32.299840834336045
29.297819317393028
46.885760941572066
30.550095201955983
29.96829345853251
28.678335249978637
20.775223237625458
26.915765448922965
38.9807270858339
26.9113863099886
29.661781176368123
20.22074950369772
30.43825335765111
35.204504125649784
40.70719829647951
31.845437547515793
33.56066570439249
22.190774813214738
33.85435237930974
32.163803516062586
27.412873445184978
38.025806058567774
31.491769924363744
37.81058281341429
21.816646792981192
25.704937045983353
27.904606236649173
41.59502376804072
24.896470098581272
28.00647833353167
30.07219391607665
34.7119748955128
35.21769962932887
27.6173860887914
26.53886563192206
30.341299396602402
44.735778986881044
32.62775849596949
28.194255290688666
29.987523981161853
24.463863079120603
41.903663152409536
24.358067838189232
24.697366989369144
34.42804621289899
31.57243799333103
30.060232770624317
36.87805667376516
27.407867442110756
25.31527322784993
33.46566766963513
36.81576010267369
26.527927383180305
26.606230153852476
25.987903192188565
24.02322471291888
31.49788877960208
24.522096020845073
23.902033569597965
36.04446158048453
32.37514826348665
31.86189589509056
33.46648407054457
31.269884325432596
26.82634276931969
33.33963769947184
24.8742968537673
35.36286477485187
31.433648870799143
40.5517409734063
34.48281658729077
34.54638714640958
38.477440879921836
36.40137755275507
26.318821726803986
24.10065882579477
27.283308891012346
26.545207143387007
25.663661660971172
25.298805770843757
24.490961076522154
30.573683425829394
28.394492831152853
41.08165859018823
34.87967749467575
26.59890726813457
23.177311900195424
27.642265556366112
39.69896387873603
39.70314079269182
26.92302335655856
28.305959838109928
28.8679835238995
26.183596817594708
33.6954074425812
38.09936621679499
31.047316859565665
23.55175977934818
43.028891601712765
32.81829989141516
33.806760336085595
27.114901473387516
29.078408348914035
37.95726527548113
32.741255544457466
34.26187616047128
28.641083695521157
24.61698154288846
34.43918365049673
30.784889756496373
31.765370404792638
31.646548059924935
27.807313906228895
35.1326768493347
29.024608984510706
26.02913248864307
29.119296781628712
34.35959877937174
28.469561495307506
23.88744883222944
40.39149873588163
33.033090194975365
29.22355514671344
36.23368633814189
37.17914446805091
31.76463143805313
32.861309363474376
28.065926577872897
40.45477645643099
31.83909717896882
29.628138142066266
25.53869014709332
25.4150278460148
38.482656504978
41.7144290383464
44.89625702071552
36.24231111261892
25.679588900430307
31.715057268986474
26.00200573100502
19.15973826886913
24.40507734525671
36.912999768521836
40.48534339017436
20.540576455148408
29.311293514104054
28.920752304081894
40.67781406634419
25.637577798478343
33.16175942944974
23.554749762877485
28.702285813034482
32.70276223760415
32.65973875570656
60.814467843724735
25.373446469598676
26.01339029228376
42.97434905611051
33.59976195527615
32.51278836728109
32.56608488043992
34.15703466338536
29.446239804047885
32.85167235345946
42.724332435024856
42.99890320987691
37.83449789088268
24.4312387359359
32.98830952830187
24.507415553656845
27.476747249969492
29.49286033167433
23.932745947107357
26.805763793171554
33.52054578538885
29.199041049495047
34.07990099485248
27.526600231292527
24.93246992535256
29.60184863905798
34.83831808468398
26.116498939244515
28.604063137470412
33.56706076041812
28.02826691809864
41.87306091715425
34.776413976980855
35.120732599009365
29.953853518767797
36.12046205513185
33.566017473993135
29.193440710660393
26.624906741559066
31.800348908601833
34.72198863018664
26.493035222719218
28.079889081217612
28.758470713089192
21.801296586605172
26.702052041243164
34.4901150064916
28.641712874842607
24.944509351730343
29.359427708774955
33.35590444534126
44.17203272481601
23.70077577459148
28.656170066854816
33.71207718563915
29.626609578466198
31.263674645284897
26.265978138600925
31.043289438381695
21.967753955844582
35.41330071610683
30.818753376866574
24.661480311174437
29.48906125176097
24.16919243548282
23.19180406822273
36.04658055234517
21.374475226323426
23.363413784314922
41.48490519614787
24.401859806398353
27.682809362363567
35.29971191641277
35.95841910805327
48.611341109528155
31.3110722128586
30.870531399974404
26.872158456781282
33.058515184663314
28.263195899450327
39.839949876868154
29.69401237103563
33.25536242866544
25.691695333588985
42.411549047707155
24.850648466116493
33.98281820712301
32.54412157256577
37.332661674070586
29.536083621400035
35.559495783300065
27.021467936276068
34.258237583858794
31.262157732312836
30.441466987403224
35.19884289639325
26.968836614531682
37.54311177501794
33.878201172074064
27.918202013900636
28.32424948483563
35.53265072367108
31.322528555459048
29.05337675317278
30.918084626562454
25.415713613772493
35.891041901208176
46.34693153888464
24.041370349372304
26.5797736779559
27.966201230448565
24.466088525423586
31.131914850777946
27.037804755607397
23.67725201313856
27.925135233943944
33.087432332545234
34.81924430584996
26.23498482913801
35.1907418241095
32.566270560107924
38.642354158155776
23.915099385625247
27.16564948252169
32.2470338987679
27.774471621738172
45.247003665390295
30.62774145810467
26.196768691592247
28.20931208631497
29.137700277315297
25.598837798386175
33.07353044755796
32.634391558679184
30.278154027013375
24.312290252830557
25.752887925777785
29.657636494265834
28.038627161895164
37.39437960169366
36.6700177566645
48.1453284558553
22.776459516565215
24.19012172567144
41.7778275240139
22.925556262365124
30.902760183601796
34.97262100053112
33.74549259928701
27.052312503303128
30.27957135795605
25.361288070025466
39.35787586042316
30.055875745896415
33.063955690029466
35.021591212664596
47.15099074695905
36.0358853864009
29.682292779125145
29.628349104070523
31.981226477552706
24.737585434070166
30.48117366178648
40.33146671963075
24.785264696434975
28.965872815519887
30.38686007684732
28.66836412600041
37.147366934412084
34.090443175009476
35.7318753764568
42.26960788421697
38.23934268774978
27.08111221674909
38.865299686511094
28.49200357141831
35.61558381900219
22.903049491187833
30.848804137985194
28.733713070935725
32.31084816685872
36.14634228184245
37.30979031936964
36.220118009316614
32.99913997123294
28.292945495165583
34.38436389094728
25.564667502670435
24.399551512851495
35.84136044710356
27.531689229073283
29.626561884163756
38.900083759233006
34.57242409817134
31.55651664016011
39.22218614542829
34.14549425452351
26.145370451144245
31.506548556291644
29.365725272660665
33.499882572269634
33.912804823288475
29.133732657251763
38.407649194099264
27.811362375676737
35.28560906950954
40.10396589515201
39.956864351332946
26.353375649429555
30.977469043025373
39.55882707754609
26.840321496442673
21.446622805616098
32.73059943688093
36.580362312080254
31.179610976347472
31.381292642137876
25.743361808658094
30.429544256878824
31.690073703247617
38.71705546914239
45.00665015664022
28.3031251564777
36.42729631277875
28.221821163089686
28.0959129738048
34.90291884335038
27.87838164755154
34.19957707318083
26.45754505842565
25.246373858198478
32.66096121899123
36.431269534293754
26.86202196865153
25.443428445219105
30.325737656877777
33.43669356678327
29.9482195400287
26.62184389732199
24.685188111351412
29.983651009460576
27.798770068024442
34.53861284350106
42.73961587781865
33.98011023115067
33.979931710833824
25.051552587207187
26.52487207842556
24.9020373631348
26.343239552128676
28.37583064819041
37.394528036119205
33.48600243782961
26.38215867285767
32.13621711759567
23.715980640731
32.800145403424914
26.910025051217463
36.75747928327533
39.80269808841339
30.72314042042898
35.80163839171146
26.949110438794982
30.68621354481563
27.817012542315975
31.59650826454832
32.807485570148685
34.68102587380093
32.30259469819958
43.62529200079998
35.176252313590105
37.439981271048154
25.038808153495225
31.89825536602704
31.971418488970144
34.960222084276595
30.106618511146518
37.22040621146872
24.525503324553558
25.29990221085029
30.239756630757267
32.785487710368734
56.28425791915981
26.58270195616245
25.387694307295426
25.62167177629088
28.787051706285915
34.69309541207747
31.52447552370903
27.01186303008766
25.098826817555185
20.76177839543896
43.24827596536041
33.00454753722524
37.11267258597831
24.50221206807636
29.95340125875409
30.90780885820201
31.481419907127087
22.96558504275278
20.84314177300617
24.033219645792897
32.81281448572528
30.433315583871376
35.30561629352211
29.09575405249668
38.07505475748406
26.02246113219862
34.05994526744195
24.008406426751904
34.10757605265806
42.07867072002413
25.704050830006754
39.210875242484285
28.582601868715212
31.67586786883689
32.833680869033074
32.12140239828622
28.08811219974043
47.599822697721855
28.68917394352153
43.53421581787702
30.77420741251703
31.128893630274415
26.519301133319033
24.5218659650197
30.703476236570822
24.98463537570401
29.706029042440232
26.81396024667719
35.42513996026458
27.75403490142531
27.748106031065728
19.76275171308529
32.40456678611072
35.20521387303423
29.94918135633732
30.318398757098752
29.51070529682066
22.230978920738945
43.350006041608424
32.38172495269054
24.452983249820026
29.37307752113783
32.830902891052354
45.54624093262604
27.82005442632868
30.539302820995847
26.99871741314151
31.08651966087325
33.435610192994574
30.22310443384947
31.884006994628365
35.557511798758206
24.984740244979903
38.81106528246676
40.69943651230767
33.290837253377546
30.233786756597045
30.447021254181184
34.16085302145938
33.63484851795297
36.162017088783536
29.577738646090907
28.376094568797217
23.363472816696525
27.996308733654445
26.356732743050657
31.147338845796682
43.57490543637984
34.6239459486303
23.563333765563957
31.929645405335688
30.561341505234797
38.02675834760163
34.830565584465255
30.84050055364613
26.40554436852049
27.963357919772953
31.415635864873455
35.62732446534045
26.204076616100004
32.39807129616184
30.01641262318458
26.55953436658832
28.141248750103937
35.13767810519487
33.643456417600326
38.63347531658676
33.419731541720395
33.25805455955984
27.829006176318735
36.06499111867894
28.43764052046019
36.87116110884209
26.52417290571132
28.9528521643012
32.53615887574712
41.06917398338213
18.667637988196258
27.312163772804556
17.68165217721163
36.0756528123056
36.552502959234694
39.04096044919123
35.204502802268834
30.081857877463875
30.365845326370533
39.6636245664882
33.0698674307163
25.484281574596324
27.471813141983986
39.81894565281518
31.088058207665565
35.07253558319662
30.783506179380844
32.96877272664536
26.46324787987325
32.87133263932251
39.15812350541412
34.2847655517675
34.55554418589122
25.327395918886413
25.818497094875134
23.95429105918896
31.584431615407862
31.296047840322593
32.89864444830257
34.77360843429496
28.84788523461809
29.313295221986007
26.038646055079738
41.95783920874084
31.70972914337019
50.086994449348225
34.30076755714938
31.046994426348732
18.671087786738497
26.241840277730592
30.902456193080173
34.99006919443861
38.0662239751754
38.21558443292894
37.96616879028495
28.41466387499951
40.404258261296086
27.122813651042957
33.335162373306005
34.25419585229532
28.344546567904377
38.633294260518916
33.29681516964506
32.4466876770201
26.73571735090896
31.79634425631438
23.939389923200544
30.457054850290497
29.286490270917213
42.285809684648804
25.963184489839
29.523584305470713
