11.306610323484337
33.29455590919516
17.0898566925741
21.92918648989375
23.551114350734355
23.22772815615112
31.13975793862651
20.07212639680084
24.18481061258878
46.50282472693527
13.556513957357511
20.226783429816198
26.643176816235126
16.2963467585647
44.50729844818595
44.815192210726764
29.79915314849789
54.892431213301116
18.78411196231574
14.62016531399472
15.450322381746359
72.71262400126618
19.074919266176458
53.36898908922006
16.699716478197303
61.20466334179391
27.660553814967844
22.783963909496826
30.118880186862476
26.42474820358656
53.354050001887934
60.09678002825867
27.706404847975882
25.09647700822673
62.958110059384495
16.861782639497143
18.590130841669232
19.674813575716243
11.688451776456958
15.980377404551437
24.522163711146934
29.76145676695951
23.236627690069408
34.69066014786507
25.563404816642816
19.441974176074766
38.55041184525691
16.54549174888225
58.809443163606026
20.730535733704876
23.525730611413387
21.882125461248457
41.61780280293591
25.888663972666155
38.02900655119247
17.81144084328315
14.16703421032972
14.810559174136923
34.98996786651602
19.545493560232
53.56052956141979
11.039452001674304
33.93543187146091
23.931136299046273
25.230809539497077
75.99243138741998
25.341252551010665
27.493844565745224
23.15641299190537
41.661895463541676
17.85644088264236
29.57340535862724
35.6402311339321
33.56295215369356
19.29610158494233
23.228530721950168
14.666219208524012
34.115544108891825
16.080062582761318
24.94582045121769
41.42275203194717
44.11239709226958
42.74750399029356
43.94196377184154
25.25385629147431
32.04990824462987
29.986111083619388
50.66657773939925
34.344003760324846
35.382444275057196
20.331578871524922
16.774757442386232
33.76302987840516
18.208938421300708
15.64139924219444
40.51185678966063
21.953781785230515
22.773811950034787
52.09060279866742
28.079084452456748
22.86365350759445
35.05728287329155
20.885682311673563
52.69811563981957
70.59913827727448
27.51942775721792
43.618654291699436
37.85963480855549
38.41935472950059
22.72969617954129
62.42466275160898
19.41044651991036
101.44277811868922
88.24217284782509
38.81993101548928
26.32030696147995
31.767087152941066
23.35719781392745
12.115805544252387
24.01005042263937
31.777617535799184
12.502758369247783
25.8453972072922
21.942502599931935
11.744869060149046
46.691147906391436
36.662482093021715
21.326730395362645
19.623811785915954
24.000191095445967
36.6848745628096
20.810276547052677
91.0459608215371
29.760941496378983
60.20253014955638
17.11914793651805
58.24793146865656
38.47476849913067
22.06844320041492
36.1313637215421
53.39900797403307
24.185558875935993
56.306041667553224
69.21304992441043
25.84540969514988
32.275912254641284
44.389382640596466
20.817040479913857
14.819567952570578
33.47518615576516
27.08631917125431
20.066341947137524
20.955128679750892
12.354495425609679
18.319118184317478
30.049232414588264
20.731852591616363
33.685297234419025
21.7810154041907
29.90243818084941
21.613814156226884
16.10318264999269
64.79777906605513
29.414030905271822
26.13537989309657
30.80575154467428
39.014603725469215
25.716728063665258
23.622951067248298
31.557262518566763
30.386371392699296
25.184890859353857
23.50914945720161
19.221566238792445
26.967920289586438
53.851458925545025
19.529739606391054
25.996038106752877
32.910611896005
20.521170521837256
30.769983881089818
44.98907689691323
40.49431779178756
28.747297576771278
15.694667486175598
30.78631067954103
20.72043080163752
41.03937176728427
35.904335617298415
62.766938847814146
40.178946240282414
29.5632394328278
26.62839065515455
19.905056624372484
31.191055322134588
23.4675475005475
23.92426102312164
35.1120488892803
29.702603544995355
35.35397472190962
22.152960088823214
65.98251840759242
39.73618036540937
33.97203121558718
23.035471355601757
30.831646849696664
14.511274091360216
22.31466139365774
20.723387871559645
29.40354842551942
15.372603768975479
25.169777616442243
15.650963849044556
22.863397484399965
24.723208361114366
23.56832333651837
59.908800810452696
24.477349256153182
33.325964438638444
27.914612424012464
19.07920780647938
23.19079472497835
32.2886534634488
29.176044002354523
25.265180782171676
25.70540470047487
13.976345347504541
29.943997067682886
34.56914963844627
15.248195478259081
37.389767297071835
24.646338668579336
21.155317688953446
33.433066257626095
38.68544676863174
36.16321592483984
48.03150865283049
21.56300228048863
19.063400529271675
14.973126656899641
22.815695350877444
50.80517926927904
45.175833957162766
17.27100032603812
32.57124495539337
24.531789053585538
66.72021959528998
25.76612868752206
16.794714746864976
22.64901751796662
38.01597367818729
17.857666729961604
39.05850617643599
75.85266055054572
23.9497467439728
24.924200915988134
22.995123338965648
22.297970874158572
21.465411127847112
26.11811814856636
19.140622945741747
26.902759305760227
26.78767087646647
37.57491069120613
45.64335599331079
35.302668297180695
13.131486578310112
29.68067884018201
34.74075218847067
29.79013426310535
30.74418077136297
22.621587629528285
13.709954359174446
12.024468495753936
28.278936274887705
30.85612966292688
31.318348016784423
17.878828604520617
17.077761551918215
31.904272274985832
21.78622224747763
27.720986672009683
16.995755477825394
16.86714400334643
17.193224658882873
25.48467497626603
49.43481757432483
29.518940067064698
30.07460658382568
46.25685633321048
26.62485047132566
32.97831880635879
23.836864961990088
26.32827167796507
31.2204020392704
18.580081219148433
23.19117034877809
35.61364116635758
20.205429467026867
33.22424644023063
20.200721358139518
27.517703953636445
26.065352608451068
12.039732542249716
42.926461774544826
36.77566444134536
45.617688722652325
12.040466650583545
36.86149214925752
40.6293659810679
15.765216195604806
18.67569118676594
118.94931077254333
23.07969396174552
70.56017725530214
19.56847666290783
66.48617497708918
26.33301897665396
33.028626943474265
46.197564416397775
21.068997541988793
57.78009238805495
20.107192452063412
36.803783306639126
29.61053735272737
16.026013430103838
38.686998372809725
20.725449688612052
24.07662097000316
23.712568856167426
45.06924341478451
41.400370683340455
31.7617630876524
21.46595267156596
34.00558695121501
29.776397675080624
17.45302609597701
28.71722359585071
50.026632932528024
16.842126247714102
19.29062844247353
44.55428587371114
20.487502506385294
13.823075471398813
26.235369554408972
40.880946302180185
21.77092997201623
73.23368418733669
61.785449453597714
40.94051595833486
36.157232961280165
22.318060337067763
19.078317328598988
26.30025850169402
24.40887221969309
51.16066645946162
43.43526121022107
13.660746683550114
55.27057383045897
29.40741013867024
18.113805910884743
19.03089451763977
39.07014183510543
16.69180793461105
24.349519481882627
18.542239276086356
28.503470801736626
14.323871000708863
19.70536988374866
18.797201291158448
29.91113218880226
19.241520544197396
28.496741650594583
24.65160191763286
26.362992465279692
28.922440451225274
61.370593267747225
38.48655471869843
27.341987295740864
21.54063472834684
31.032602525883437
25.67255098682552
17.52824008531011
46.54906079477547
14.217982608109482
45.355999123129706
37.9082944681198
45.566186802089
42.64245435143678
13.576158243297847
15.753040180182667
15.382966468700415
16.800198859313557
20.514077324876272
36.30368381166027
40.07957953312782
22.742907240558708
30.018198645256827
22.503885425367628
34.665827749566134
29.618502080994606
44.065032894802215
25.225282280792477
26.896694555614364
28.775174661070363
29.76501678776613
59.77875907100085
21.926868598221464
43.84446042672125
31.063252548229674
20.887328256084555
26.481081848302818
19.50806977892475
13.98567934946415
22.892675026481367
53.48458484084568
36.35474853730312
26.118555807469104
16.99878110628792
23.183785178706568
74.92044840945474
44.126739081537714
55.946291546161454
30.502163474193615
30.579460626341287
23.35487485345242
19.878612253419995
32.801814237267116
81.34873761116769
27.26370752378577
22.01801578064522
32.83706012546887
22.73700274833816
36.80352977905191
37.0943581388077
42.91493202907359
25.053728805106132
24.875099641592605
16.4554543966875
12.517938284534203
28.608352907263722
33.330607316248255
28.153547056263957
18.127029823979765
33.217985655250644
27.86072528221592
17.58732014065331
44.014509594492615
39.14147723074341
30.177352853878244
62.89336346383937
24.94520460177601
22.2042950244809
32.34812903296231
22.51913336133318
21.967146075295368
39.073041470205425
29.97136508174824
120.52162971281598
34.540132045511875
37.95043654686477
33.39118913887305
30.978665479799478
11.773949764557221
26.50719158241554
10.684891215880654
49.31857074490161
26.147234617395505
67.85527753225153
22.57780694614898
25.57557230824575
31.570137236621985
33.48268287855889
17.190386231259865
41.01994170426346
30.430201568727387
29.786720089757885
32.43208504603034
21.871399567186373
17.79634777114254
18.448170357315675
25.472058320494252
27.843155856592674
29.38496476677552
39.53591717022709
36.35620587567644
19.149492735984662
42.23384311006003
29.90219750037118
25.09854120206707
19.561876142219692
15.734790119343923
25.611389265150727
17.047555139768626
24.37876189827015
41.5837910782087
45.432576622520926
17.65248906815729
27.922369259489233
43.97027389884021
30.501914593026793
20.087698010440267
21.88977678886815
23.465853683208028
38.07314628082141
43.036123015629386
28.352559304249592
22.57046810872072
14.999448445285129
23.354811106314738
46.1542983832407
20.627633527896485
20.926588258706104
19.578021600336477
17.59579917959392
28.33327314621651
22.074716814334618
23.790629732463135
25.490428263109862
59.637983870276706
13.348783080940255
48.27398950507552
20.43461307096147
25.46662633376886
34.86250827152233
18.15210253695792
31.120229135638443
24.25186418484199
33.32849454210275
12.698314032780523
32.88705416343999
26.10953251160763
44.46269275773606
26.958536360482046
18.296720520574965
25.2702802058221
48.05640106573108
22.951825671801053
14.627621998876947
29.16667755525157
23.88831148062045
15.607205274305207
21.645590759617964
56.94996525293967
42.57353257203865
16.84485858049305
15.234558685488462
20.23825458576334
21.60941078362322
18.135513755900806
24.835060019598455
55.690851660729166
36.64489723533339
27.59118942336255
20.055348807590917
32.89599776260045
19.863582740976057
37.02377822411199
21.001596874755705
34.094288777868485
18.333983281863468
29.02270539111677
24.910796605768162
20.641026509716948
15.694108365664631
12.94993717179719
18.361062992602985
20.491741398428967
58.6259262297066
30.597854388336003
31.25857658337157
35.835046597894106
19.045885401893237
36.19368614318865
35.6311983229194
58.98981896067939
26.056664988480755
26.10706427094077
180.58432781844465
37.01573163025658
18.521130777739227
16.117632684245383
16.203686463970357
19.762677113031188
60.408341944751584
37.78393006219516
30.905254169399893
33.64664434356534
25.074525540840437
30.56907340472904
26.905804706496617
17.325517207655654
25.46016358869313
29.279277899590056
35.50881539506851
22.14934091097814
23.01262835881311
14.41950177836291
31.433695886438972
26.15667698840161
22.849241863958827
15.651235188370253
37.3669233020745
26.847284728930855
44.68015644847622
15.536312527099374
29.98861046172938
50.61427133042733
24.551280193509623
50.54907408463732
30.035911140066016
22.55726155228342
46.33934860196137
9.218761090115116
21.711059784889066
26.243687398358777
20.342555627988816
34.92927895775599
15.954542098090638
37.01745008868149
27.67664016464403
30.588259782799025
31.815867515795638
33.039297954620764
18.347273681646854
36.814710231526
28.5431877372342
35.537535773466104
25.337981839698678
37.322235307360465
25.818778762647945
26.462889194986033
32.35666906200285
17.475034669582627
28.893019671120314
21.426202838348733
33.519168257849515
28.130387175374263
24.218402009660696
27.169596764608002
50.89172208041683
25.838683347257934
21.383031441784212
21.932647623412535
23.038531232884207
44.06971189801673
14.277636073986134
21.88503960710996
25.95558697952942
24.69105123148828
24.915608140923762
34.3813771838347
20.610044817203686
31.90037471593892
21.11850670122004
22.328852306577026
19.765532135273606
41.23749476366451
30.065873467814082
24.078451318444923
30.29177987809263
20.471075831403066
21.792738824539565
36.78642655287081
20.96743935834897
35.28705751697939
18.996539238886
28.672449653099157
16.983883824856434
18.249313674806537
25.931163673916448
26.40393373977225
35.64159437742891
18.84068166476128
20.045739566284315
18.540121299226676
32.153412899660935
85.97112086494892
14.752665516753195
17.828033932448328
26.60686509022874
27.783266492703913
17.173607732853554
30.97890771773918
30.36363983512529
39.243505922506856
92.57870828405092
165.39663107036824
32.263850998802226
21.57936910068295
26.548541142764552
14.43218802890891
32.98084344878481
26.001214087644737
13.783908568563339
12.659024890099793
38.88950646706792
21.44844615995603
28.46536781202213
33.64158270976869
13.302586953396991
21.41723872492318
31.170338871983358
21.274152160008974
42.52477077579829
54.25136747835607
39.33975056321119
39.91901102599509
27.000224448913183
32.82497482436256
41.57246754230842
22.79771077742438
27.353846765838675
24.060837247637426
32.02030348570526
24.630729195707147
38.16826926421896
22.91887643083989
27.721712616144742
33.800809234039505
19.460535979446416
25.75696422926685
23.612975945440557
28.99167499003901
21.98002641559056
37.76839776169467
55.159160811846185
23.386773296638754
26.750881139000594
15.422646846643053
17.931657792329155
25.692481867364616
13.968854483421783
20.45136211476193
24.226023586944056
30.63555818573469
26.83314378828488
23.57344733155214
21.873089400026092
33.875865551066745
49.900875529934865
22.578197734458712
20.035136007274456
44.71978777882174
41.77795451524872
18.48269418732629
36.87101739067867
27.63813094912775
31.791592465354913
43.484633829767205
14.862516589142851
16.832170287921617
35.937335459002064
31.884466535998264
16.802044825899998
46.43217936907164
31.533109456760094
45.23591487765867
20.754212525137604
46.33983401756648
39.52817094523687
31.346030678075202
30.356530744742123
50.884315876702544
17.853185947043006
19.383602562054747
53.211701584924576
17.40545478928094
21.257492956395293
34.78342085786246
58.25403327284844
21.403952593699916
33.00522226291248
47.07190731671101
21.910269763486273
20.550328467362014
27.798149277816925
44.92312102783522
28.631479299347905
34.22813504373748
48.80952659725448
33.61679988017283
17.140927953073987
18.656801105773038
27.860319366564024
19.201840134182653
32.126039611803485
25.06187936718447
27.068883196466242
32.580896794719465
33.66222474774149
16.43055042659719
18.628806097164762
22.905685960045513
39.440015491718974
24.292863980867743
16.299718003537418
40.901911010881804
26.785380390658947
47.57891632992723
53.12231869367614
26.57821540429161
40.272739841863014
19.719031298823957
28.946715456342975
38.283149864083676
21.551876825026728
22.457149194946258
24.389715770938327
13.476388616559168
33.82323756759998
19.69668063744219
35.89351719397714
38.110701762011935
21.513182221915752
21.149458019323426
27.244204174108212
28.439275047260196
21.217040437767754
41.812239559204166
21.71446514526072
43.992384088736934
29.357576861996552
27.472139835981235
22.750502149216874
19.41162123184277
26.74016637559805
17.892608020775594
28.33625517983341
21.423954415780504
17.521972767993287
23.885171334348346
21.704153187496264
52.678313134776914
21.447171910316943
23.242438271464597
30.902783114007832
33.6101468108635
31.429875521695333
33.05019285201854
26.022599301831438
14.078647182803227
35.96264506639743
15.550101749925787
17.07962011067953
36.70949359576929
25.25672438116483
47.6826484820394
107.35336924734659
27.641230912005646
14.567884534682252
18.641090065198938
21.489898497865852
27.1287198878716
31.316619058587374
18.215142684584723
75.9800471087018
40.07711239278828
43.118948106883096
114.2183115893807
11.659306624597434
24.972965027907147
18.033328643877102
21.274212822844145
49.81038781466848
17.54713969388447
16.014211510682365
34.53784458438875
23.900395140823463
30.187813820729904
74.45507129203887
24.085440862931762
36.72525183774293
32.32579518637033
21.499407528344896
38.850761373887714
34.6701716826141
24.527798176897786
43.85262699786002
29.330210072992728
36.92150318402477
25.567978526035244
39.38532912878541
17.646756519394295
28.57069124536668
15.414507864375727
30.430736000946464
26.211963536981454
22.878979590582293
20.71952089216039
30.483344487118764
44.73177870424018
27.40651920199423
23.65763657407087
26.665066026847576
21.12574407297577
26.508674140905423
26.14503210606983
32.264468101466164
15.315224229028752
27.141346222385117
12.467305922059943
53.68169424690796
19.42253447610325
37.7428706468562
19.861072354491238
26.537576664319204
16.86685654900869
29.095395827919624
26.229982665687317
33.32950511201512
54.87953171289631
27.593490821475427
33.346806604197155
21.743237296602686
30.88634207783254
53.214392520338805
13.903829337117507
20.58442690501901
31.67363947933524
17.882908953166755
25.74334990015813
19.227243877514596
79.34487485718003
17.252671151396115
18.909904551432298
21.36455358633576
29.1162849544282
20.312735993475638
24.803030949388514
43.708697566617055
22.637556729184155
15.479709968535825
19.536949362404982
16.64223090878053
19.363564070660892
16.7253684595966
24.552013925076256
19.737106279278233
38.51264121278636
31.519617941672575
53.549074858721376
23.106977652318022
16.74408023739198
22.84300249004514
17.374607927489265
63.81976280285615
23.028415998460837
26.281566114137625
16.876650487448707
38.33833972823901
19.730601761294754
23.95626236465258
15.480990456597398
37.797821602777475
10.781971774016128
33.04788841475705
34.349788474232746
19.60690209893221
34.53385791054253
12.95784030231075
19.94075230921414
36.41494605339814
16.436846263878525
18.977708675618945
33.489213293002415
26.94324631214569
16.979435009755864
18.137418089084456
37.59966099533372
30.80743225994593
18.06021312999384
38.94361674470086
23.22044867407906
117.7594914210213
53.554493366015826
22.37491349657354
25.086834284846443
29.93081704977283
40.57656462260849
29.62970995221089
18.313689933727407
32.444697111707114
16.77965819414203
29.051007459764225
39.08145617925072
26.39720577344738
15.596979139132698
26.32300893455721
32.8257228254284
16.70693304076341
16.81629085370783
36.934346649487615
25.87745925779169
29.703535150527966
14.044392154721882
19.649194229319335
26.53977890799016
25.717014949643094
34.989840323419415
