1.0124802141774174
1.0089177495747625
0.9936149933352098
1.004850436279706
1.0002285871258185
1.0031424305408803
1.0095597972155246
0.9965729226628792
1.0029843156211438
1.0163278663626825
0.9952593730586563
0.984972432701385
1.0152068473837748
1.011757645092656
1.0071045823088776
0.9976965577101563
0.9976048586505274
1.0157212417948696
1.012563598605179
1.004376667313193
0.9895802026786311
1.0101194479919164
0.9910475329415637
1.0077242507912092
1.0083458962053913
0.9970372259868122
1.0127774597325985
0.9903818615959099
1.0122831593641168
1.0092796734150336
1.004155848273467
1.007293821264101
1.006441968758508
1.0128218542534433
1.0009838688819668
1.0143789250064668
1.0028405157830562
1.017086460463884
1.00966118112297
1.0028327455138208
0.9960299258819527
1.0042608590485882
0.9984339607458665
0.9898422563155563
1.0042485983131904
1.0139364820967285
1.0135952113289843
1.0081007964877946
0.9967464211468289
0.9910506875550615
0.997774767279928
1.0222672164278879
1.0076835943035956
1.009178936339787
1.0107364205324527
1.012966021870441
1.027032404512266
0.998409748445965
0.9895042416616507
1.0018436654391842
1.003463189684252
1.0117330455402134
1.0026770771347253
0.9871551886820539
1.0004358086089833
1.0104825097261025
1.0013389922798108
0.9895500017740491
1.0058797661182697
0.9941458375467546
1.0007792805528621
0.9968679487187042
1.0004487970548237
1.0008032921915058
1.0196596498917228
1.0076531988884454
0.9900007216921374
1.0067559494914016
0.993539544056058
1.0065128227600706
1.0056088324990298
1.0091429055107677
0.9940599275589531
1.009487413015174
1.0337637587783783
0.9994813527390785
1.0016267263446432
1.0047904530710896
1.0006783643182964
1.001238158214426
0.9944951097644927
0.999833447832674
0.9863276828127794
1.0041443412447295
0.9953279791160763
0.995246116729239
0.9989664045810782
1.0188913953456566
0.9723535271946232
1.0029746550071508
1.0148835937570786
0.9944033363276019
0.9979777086089522
1.0103731927680353
1.0331457881452273
1.0033119700549245
1.004228418703151
1.0008453845404004
0.9943557018723481
1.002115956973383
0.9894574118825209
1.0085839216909436
0.9920422799164145
1.0058603722363286
0.9884822212533773
1.008123984171816
1.0143939674562692
1.0056340396608128
1.0033504838761915
1.0075209719475309
1.0015561440102765
1.0089229917928768
0.9970796304104672
1.0134244446650067
1.0112128370989608
0.9985436909296345
1.007613030835179
1.0038667148406761
1.0201524531055364
1.0002941487908896
1.0003234134127799
1.0004911369262248
1.0052323179488616
1.025084547827747
1.000839887045896
1.0127022554638425
1.0020775320387323
1.0404851227378653
0.99024328486124
1.0005138823150705
0.9960136512643268
0.9895582241273452
1.0260310582823966
1.0001054863120806
0.9985368368325541
1.0004750085289231
0.9950192823994164
1.0033025458208784
1.0235359878319108
0.9979093135886219
1.006296145505308
1.0028873462631154
0.99660793901563
1.0093031811339066
1.0143245899863778
0.9954367268972305
1.024306958951273
1.0097396675077939
1.0157615186119433
0.9970401861080044
0.9889003431717444
1.0006852124865555
1.0083163496234135
1.002653223726218
1.0085200851909766
1.0119915532900943
1.0116434641329377
0.9923782748657952
0.9970243276440454
0.9995553863248142
1.0076356330621556
0.9976568324671131
1.0077218559046024
0.9910556525336988
1.0011485847349204
1.006852074345504
1.0018100225078148
1.0290960672763791
1.0198526212250931
1.011248565042712
1.0010886773458838
1.0007986253726484
1.0234483963802854
1.0075921738798834
0.9853095324647708
1.0136337236052215
1.0261926992373225
1.0084579794628485
1.0023899991318985
0.991177415553196
1.0195951503530407
1.0159207130343877
0.9952154241299747
1.0011590379890507
0.9987982186070353
0.9953701203691654
1.014992778905414
1.0092927029203531
1.0044058111471195
1.011332708276112
1.0050984544840489
1.006027784201525
1.0084528890564008
1.0126476087512064
1.0012595517740026
1.0106240129664301
0.9969607226376416
0.9967395118357468
1.0041157217474508
0.9971470116463468
1.0097867004852
1.0054418464836132
1.0167084271729074
0.9982164421361853
1.0064617375220604
0.999660237244586
1.017842541172797
1.0040037078731772
0.9901393405178219
1.0049139223666512
0.9995581800216152
0.9933046196462076
1.009408914304808
0.9940234250758438
0.997828108332681
0.9946127668742734
1.0076359848882381
1.001708068479594
1.0196530868510536
1.0055564935713828
0.9980626442495901
0.999184634833056
1.006462708369315
1.0012271859527273
1.013371636856184
1.0154535014513764
1.0192323143167155
0.9907980777479891
1.0046109651312294
0.9999911449487936
1.009387363409114
1.0125685392961545
0.9917977485711316
1.0159672477608295
1.00966903163715
1.0061384469879306
0.9996649519996177
1.0132241148748398
0.9900769476368418
1.0002188915121326
0.9908449562218702
1.0178202842874087
0.9764078163236478
1.0296731315255463
1.0052435064209835
0.9883593612973963
1.012976451210272
1.0052509601492223
1.000557993832842
1.0044418319841093
1.0216148247727426
1.0114873263851656
1.0158755725929052
1.0073838033740925
1.0051842816411056
1.0059180380545798
1.0172245025264892
1.0136696260545652
0.9947930397935317
1.0051916488761088
1.0043703712491063
1.005602268137832
1.0179687938841433
0.9908352396750417
1.0087460351603905
1.0153047126255212
1.0113867682781592
0.9955115361228181
1.001071282279718
1.0104914794099535
1.0050103545570044
1.0091406243016718
1.002067485134145
1.0066795512185218
0.987786575192662
1.0079391255799333
1.0011796613760262
1.0284056341553838
1.00588723947758
1.0066008073647552
1.0081412239459064
1.015874162316651
1.017830238356149
1.008897296324986
1.0130816676530634
0.9850562081757098
0.9964697596827782
1.0085254926360778
1.0149994939866842
1.0016670611668164
1.0102242185241783
1.005366089149031
1.0072680891500558
1.0130863051261796
1.0175232187421324
0.9910752212754331
1.0066589951162241
1.0194170552726425
0.9861526043898806
1.0078740953935934
1.0098513180010558
1.0162031580622817
0.9934182577126227
0.990854737975037
1.0169095728548418
0.9922346308729623
0.9992774928097602
1.028403427927553
1.000937793815844
1.0082138813500623
0.9893992492679847
1.0030094996999361
0.9972486130335477
1.0162964501508613
1.019415245440672
1.0015240915424048
1.0224466194314903
1.0012446375433597
1.007520614345387
1.0030779220157737
0.9956803124688093
0.9941264434759199
0.994516190571012
1.0083225046976347
1.0131620136580006
0.9934653052405455
0.9881929925963316
1.009337030575495
1.0159537350456487
1.0076251705777781
1.0036046687706215
1.0136315760736383
0.996335982643226
1.0077693448614644
0.9963200349819752
1.0008401899863621
0.9976316513251081
1.0103314699255332
1.0004523151250835
1.0247569528892777
1.0188739105033389
1.0004532026266948
1.00811440984018
1.013689665541605
1.0172431991424458
0.99448281910899
0.9963587547500822
1.0097677585647753
1.0042430756652072
0.9993377976193474
0.9933036044109531
1.0099902079502938
0.9971996327798544
1.011067044980987
0.9961628351965243
1.0123553282609257
0.9995320036076982
1.0091154133081597
1.0099067373612443
1.010336923891846
1.0194115359005318
1.021213159897932
1.0039967825627993
1.0000225759657932
1.00069887488497
1.0082885539767503
1.0073592283659276
0.989468156401894
1.0075997143668645
0.9950954245706266
1.005923193542011
1.0001878088992442
1.0101656018446032
1.016481470902214
1.0060115850994176
0.9981366094892269
1.0155761232075196
1.0118286647113546
1.012848328322648
1.0065201628554292
1.0058276810367544
1.0127932333622518
1.0081220636993766
1.003389189976367
1.0128603488323404
1.0154303657748518
1.001889567933585
1.0070329900124304
1.0024995236550167
1.0072530461559472
1.007422718351895
0.9944752713509287
1.0100998246507766
1.0003849449305013
0.9973638942408038
0.9994245548749725
0.9941879528584242
1.0061895821539586
0.9914353882853848
1.0132402489646533
1.0184807122473085
1.0032082462910095
0.9943442345110167
1.0013716731281923
1.0113824214852594
1.0133554696486813
1.0269731560942916
1.0040594436398398
0.9942257998264811
1.0125769311992863
1.0212459334406359
1.0152101664109767
1.0067552191459068
1.0045246550186457
1.0105178540941686
0.9913880577863936
0.9994729412846336
1.0101749821843784
1.0056601556520963
0.9846353077175672
1.015997617818785
1.0115594214181558
1.0027067992534158
1.0002056525541618
0.9827897885455574
0.9994549058540197
1.012471644626597
1.0112973430958605
1.0089920931308067
1.0117440207139037
1.0121519982362825
1.0111858583592013
1.0066682912348053
1.0068908561919037
0.9940399180402915
0.9990631067334159
1.017866945312285
1.0050144160791035
1.0030800052637103
1.0204386241431331
1.0032433869846742
1.0047367174696142
0.9953952473177851
0.9981048608742388
0.9849038043236575
1.0024488763727961
0.9930315388602122
0.9880415951078125
1.0078727827477318
1.0009882447690779
0.9929142184249238
1.0001836906103523
0.9915517392174448
1.026548248509468
1.0069294532327084
1.0139232045801065
1.0030785443638646
1.001811965080267
1.0065501526163307
1.01175416380101
0.9994647207050238
1.0264314495053937
1.0020059623862518
1.0066223535281982
0.9943132501480383
1.002589778813329
0.9892375613215878
1.0191526482216569
1.0146365320349655
0.9982373136334682
1.0111425848431872
1.0019523332803577
0.9827811817081297
1.0065339245297298
0.9999409348738647
1.0076093121998257
1.02677332371763
0.9966696247118092
0.9963431811828015
0.979516271121375
0.9988239717646107
1.0111896612278446
0.9927854811557596
1.0137306591259043
1.0016349529103397
1.0211015986666478
1.0054906424541157
1.0057794913332319
1.003321343078141
1.0084826297225056
1.0217126273834392
1.0178449904615798
1.0274733538257856
1.0079781633563485
1.0063473962999319
0.9909256072006505
0.9818235395376804
1.0195182343119213
1.0040441483707507
1.0001203764605342
0.9755972212563127
1.006931337327072
1.0126773044168993
0.9987684095049737
0.9925758512091517
1.0061406571102889
1.0220968837614615
0.9906328616468495
0.9947666900935443
1.0098029349997735
1.0113634086763144
1.0231522719599788
0.991650543411603
1.009188290028634
1.0075649566335385
1.0079726311837298
1.0037118101434013
0.9981026437839078
0.9802599803282886
1.0202154647796062
1.0042331871043868
1.0100827168316735
0.990031036648379
0.9978304883255408
1.0074163043291027
0.9982294026078241
1.0074869434787277
1.0103006056518529
1.0166462739181488
1.0009110030197474
1.0183537255399406
1.0160384154831188
1.0015460562884346
0.9979337366681966
1.0044794065167888
1.014743014060121
1.0161902713876587
1.015787846844547
0.9972594141671118
1.017325449693366
1.0046182727412758
1.0216708201122158
1.0016337582054777
1.001495496908967
1.0011619283054223
1.0048606849228812
0.9987374231298211
1.0292321373678852
1.0113936584291172
0.9837005923553871
0.9984073414985773
1.0159632412334878
1.020949478974219
1.0223125163245999
0.9976083599876333
1.0075767207610582
0.9969628013249066
0.9949228726394509
1.0119160975464436
1.0159809515459386
0.9965058783110304
1.0010253251691337
1.0124022305219493
0.9982396005968751
0.9928041660700428
0.9989065897510024
1.0016060655206556
1.0117385559444612
1.0014935345244402
1.0113002356040104
1.010206765880383
1.0108898462074665
1.0005080521291234
0.9930556713609964
0.9877267380302981
1.0001331993723006
0.990256792071646
1.0117112914924273
0.9896008509263968
0.9978233966213261
1.0006699668388865
1.0169776881291581
0.9965449913369957
1.0040891367629614
1.0199513321793139
1.0068653680262967
0.9938590007549215
0.9933195978212292
1.0014941816235736
1.0254935576971471
1.0066423761154581
0.9852239957204137
1.0054730168596924
1.0223839695514492
1.0034982653820261
1.0072671479525486
0.9922421496632389
1.0174315715067477
0.9905662651598571
1.0077829971557013
0.9903509795828102
1.0140577503401669
1.0063448659851892
1.0108100627453218
0.9989341547586383
1.0021598151778441
1.0130281870916957
0.9992430839921163
1.006916875130785
0.9984543972149341
1.0209481398275788
0.9974467921218627
1.0044987340492393
0.9914524879466846
1.00275198753657
1.0021979902642655
0.9993775554691134
1.0051651031837425
0.9988948216064264
0.9933503538281412
1.0095744568291576
1.0152741949399853
1.0111390015361361
0.999023206721863
0.9962660394263102
1.0018668538789395
0.9975506736948528
1.0170441690736924
1.0070435099054615
1.0137198314970923
0.9972831363712595
1.0003366884598974
0.9824494069835692
1.0161161864965986
1.00188975924473
1.0022246082135637
1.0143709629780797
1.0135621743812153
1.0105175212456459
0.9829478572775837
1.0108808995148972
0.9949460580514573
1.0158917662870197
1.017742987607647
1.01364238433314
1.0084593371853723
0.9996450791452629
0.9975077198369215
1.0077269502605999
1.0000568891585915
1.0033709383426317
1.0146480199586085
1.0122272121647973
1.016690309424221
0.9959517206364907
1.0115616466740207
0.9986083715457894
0.9956843550793427
1.0097482753621063
1.009202393579483
0.9937071559766036
1.0105228487284628
1.0110309226971188
1.0054262525349509
1.0093898880677399
1.0262290351536423
0.9892824358749419
1.0029698847265758
1.0156338349515077
0.9929783986011093
1.00497907543944
1.010182894020396
1.007088632781354
1.0142376903301116
1.0010235116796633
1.0006701918399836
1.016237438755133
0.9946478419011447
1.006414002509457
1.0116870446321462
0.9994724288096574
0.9950951333459322
1.000209869998609
0.9980051780177626
1.0044620960186563
1.0117197237502396
0.9978965813674837
0.9951176932843003
1.0147704364144825
1.0068832183050582
1.0091895438779082
1.0061959160239375
1.0077544672718615
1.004501818782384
1.0131934136206975
1.0107845809476743
1.007555311734998
0.9940917082718287
1.00692221119985
1.0139516749284392
0.9807690551091419
1.0028125355594115
1.027243447928375
1.0230441918381177
0.9932139688964987
1.006398639902082
1.011257343172176
0.9834300288262948
1.0024296240431687
1.0121393296883825
1.0121576466340476
1.0186845429662401
0.9933980404678812
0.9915487877852954
1.0089278812563809
1.000892671079127
1.0097695228913242
1.0089082487553602
1.0061387144251543
1.0105433192637543
0.9896287157571758
0.990392805998381
1.0078306468052272
1.0137177511234723
1.0102889580098584
0.9925540479631302
0.9950609248414377
1.0066803578143892
1.0169851701683645
1.0068730359716798
1.0061740712943825
1.0022125624992355
1.014365383031048
0.9994132711197607
1.0023620152167998
0.9999523651817627
1.0019940481878467
0.9934992253823586
1.0035854034864728
0.9977821952409495
0.9994589014648708
1.0081622468524798
1.0103833582987276
0.9965630853062467
1.0139343046971667
0.9948781629215158
1.006427349262004
1.01364711398627
0.9933049597758361
1.010050886347439
0.9978515540676156
1.0149295572988233
1.000049361835047
0.9954175901209166
0.9892841967691745
0.989180625205136
0.9986856890294239
1.0122559512894018
0.9928403461340294
0.9991467168466943
1.001445666351253
1.0030691133143517
1.0181609739393633
1.0085344932928775
0.9974647458707139
1.0101567042143718
1.0018897740394606
1.007209063993185
1.004760817967237
1.0200440548984846
0.9979766935626451
0.9996716771600664
1.0021194437084935
0.9957935031481318
1.0125325380851007
1.0011690862220566
1.0040240322530167
1.001667567460802
0.9932428013448665
1.0102831518578215
1.004483520898047
1.0114360766380632
0.9939181240678934
1.003096264915272
1.010099433335142
1.0009579267371949
1.0081881241973365
0.9934917405104557
1.0141801869626352
1.0095117721884217
1.0013246922163563
0.9867243607514627
1.0014050262144936
0.997040411228813
1.0213713950525765
1.0043165070673528
0.9903852532833344
1.0105947124454544
0.9918629873860748
1.011429871512397
1.0088242995733723
1.0118795165144872
1.0053269464594115
0.9836037389942609
0.9932830525544637
0.9934934778081025
1.0013545935726371
1.0022802795505992
1.0015301327900417
0.9967588657391496
0.9888249571361545
1.002093183055855
1.0257871429439454
0.9996698537583114
1.0096365028836143
1.0238934804758835
0.9998433267971529
1.001557674399792
0.9933440801841792
1.014128761171873
1.0254408429615567
0.9842823034278607
1.0080649029772897
0.9918483172472062
1.0094798910162552
1.0207994862628007
0.9990057516893952
1.0131014888641316
1.0089107643141502
0.9888302505743892
1.009282394595643
1.0110494200927744
1.0014404077300747
1.0083307192346969
1.0244263258355777
0.9954595507563403
0.9983692686695599
1.0122358053524458
1.0100226749964036
1.0172042868084064
1.0106265663570446
1.0115196855274269
1.007480464203064
0.9949912761626643
1.0195279589458972
1.0014767706476249
1.0026439372372238
0.9888532871034672
0.9986386608896665
1.0031048396931608
1.0007846784697436
1.0027028753007299
1.009282226676211
0.999581493026261
0.9961745802469216
0.9983529703501928
0.9995107011977037
1.0116913092347193
1.0051421048325486
1.020722249602217
0.9914640924637328
1.0003644550986797
1.009948182172267
0.9855593520400395
1.0121755820339502
1.0134388229418165
1.0107777912998182
1.0117551016397957
1.0092272765870176
0.9902460814122772
1.0042514210998776
0.9987136080836515
1.0200595388430245
1.012564445880206
1.0027839319060756
0.9936298550025935
1.0073261659390405
0.9940789421287619
1.009158196611639
1.0083621324014405
1.0139368831392792
1.0023299750792038
0.9875190747430254
0.9953397652996668
0.9874504743798386
0.9835381454083494
1.0081656932653784
1.0120502051162
1.0039877897336906
0.9906778732136235
1.0054707167324592
1.0026534189793481
0.9863828035637608
0.9994016696588744
1.0146968348655376
1.0198256126701712
1.0046097736406199
1.0098880450428436
1.016595307049428
1.01830894486733
0.9994527077265764
1.0216900417581076
1.0117547584496571
1.0016967767905325
1.0002753153887758
1.0132723486558406
1.0150533421799846
1.0049242252572441
1.0152992987671332
0.9973729256725327
1.005095006896098
1.0092755017444905
0.979476475716815
0.9786808496701138
1.0028118288325623
1.0118919927777847
1.011879730990292
1.0037942728902065
1.003573849509195
0.9967953890555987
1.0098709286149337
1.0096415656149242
1.0117333175555403
1.0070607786137304
1.0096634801658488
1.001505789246063
1.008031309012208
1.012523056726598
1.0059548998138141
1.0057695139103353
1.0124849010799593
1.008068140154222
1.0065103905175525
1.0127818439960745
1.0248107603213543
1.0063016846688262
1.0079441283570145
0.9904959598368027
1.0024610827637694
1.0007992459633612
1.00769477782371
1.0258887897247064
0.9901102766508122
1.00691546235805
0.9996790020904652
1.0137968482301454
1.0159331288062454
1.0049512309981399
1.003117920919377
0.9867282095017208
1.0008184659051784
1.0081277404561622
1.0057380288999411
1.006435414513187
1.0055363222576619
1.00925780615799
1.0109724124245445
0.996506161303209
1.0088551808197612
0.99839640887102
1.0076181840441705
1.031791211397192
0.9971362750315744
0.9989588645078815
1.005055303009653
1.0035138089974613
1.004803674649221
0.9941674257240256
0.9785808447107465
1.0058064461345673
1.015073215460579
1.0292765338900332
1.0053247267685756
1.0138711450367897
0.9954255000325378
0.9876995791936369
1.0153655674396391
1.0056714025366555
1.0140941113065864
1.0034533124372613
1.0086662046203432
1.0249608996522623
1.009163612916556
1.0027144843737053
1.0066097888774963
1.000316150088387
1.0076528980395394
0.9875952985215408
1.0285835891019084
1.0016563566581376
