245.39836229643424
353.13143332010293
241.25684581914845
207.881692273306
138.56638065591596
294.3195041443736
185.73122699185652
418.01045443197967
253.71962627824644
376.52390181744346
365.4305501567342
278.5283498141473
280.241267778083
261.2947361708102
379.87661653391024
179.65971074984193
365.3278142215684
331.68354355160017
411.0590794046917
271.1609949808631
316.48435750678556
317.16001867721474
398.38280649874054
390.2591062964271
294.3164905521399
260.99677158869434
387.9364097329137
397.75498918684855
233.1063758429994
301.7230091253832
315.54031174253873
291.6370874431433
390.322815302865
232.67242154053415
459.9612606007644
214.11937816134244
356.85017248077423
438.7881446962629
225.30455761417068
127.59910896950778
388.01625163250696
257.10749606562865
193.60761305449466
262.41439286667617
293.48356262684314
262.17831217650786
455.3382203592121
262.1705310387402
354.31311926538893
435.50245003440904
315.4194564707656
265.5449621027285
443.61568840543356
316.106659869814
370.1030780065395
312.3750391167036
390.2563724509837
346.10788785801674
257.44491019637525
363.3899376448913
282.36393229329303
358.17503214307305
291.5940078415993
380.6809214570426
319.18929270375975
289.4437875593272
291.11835789194225
283.07918658640585
309.9158639998441
296.44848516481096
450.00790284420333
383.06680873918447
246.20862919342483
315.4231798636578
286.6427216429302
317.9047930616535
286.3303059907418
330.22558712375053
215.86849452676435
307.75921952396504
351.45527328802706
237.98813200216367
313.419420434568
268.1477729425573
316.920012436291
380.60437524231634
270.9212237874565
361.64121955988116
396.75212104358286
346.5470415487598
277.20754057555524
204.6769533944797
362.87376923813173
326.5011062068563
267.14087286852566
413.4345463356735
379.0079692536345
340.5984815572462
360.2556718131589
404.7484828497639
232.10520750512362
397.26268022317134
286.3576373855722
320.8143560025764
172.68470898833084
326.7893218543074
397.56523169219656
366.2040115072161
392.0435963800582
283.6968737452676
382.76473800854825
268.4648381487387
346.86948966715136
325.66412584602455
181.1403683577146
390.9522069869345
249.71151012523555
295.9364537868021
223.70500915806318
316.49666657714295
226.11028156020933
145.53351872458813
333.2169971631327
395.32334044430286
286.83840467670194
282.830198426786
395.3710967946505
404.9884237059136
195.50372298006567
347.69088741724266
394.3992113596772
338.08413738091707
378.08003682140617
356.0297384503155
461.4718339981958
275.0436947303197
315.618762924086
437.38689110905506
194.86016189085538
203.58466690755992
247.52566961915088
451.47742187242346
242.79911488791637
323.9101019348764
355.0930429558741
248.14130885236895
299.5624533679008
283.6037077198786
284.65101590299116
334.6709799858136
263.2834685289223
273.16607469861066
269.0263718449952
440.76716097957825
291.935992527549
253.33122074738083
405.5409646771938
407.765229369939
213.74280454763402
320.5819703863625
463.3214984880421
217.8115050148875
273.78824136080704
189.49098231247973
522.7500280841148
280.8951946020068
210.81858512111828
181.6699306833479
355.37568815617794
347.1414646752783
282.6491201667841
371.1514938887009
431.91867211107456
179.70170905927546
310.9632104936641
413.8560520248675
263.36002641067034
308.2337049172804
303.3784906568717
207.99938273782212
320.1450593588922
399.8000437370512
358.181800397553
259.4577924961689
342.30549399116074
263.39820292314516
285.7105745948928
216.05132420461845
176.04000872440136
373.9132576259958
239.01785963396264
328.60097823428407
365.2740231886405
332.8806599759717
412.70675410992334
238.56388357410475
353.0728692857629
275.9551467375705
328.6362260672356
339.49303673296345
272.9008969098318
377.5346380443784
274.3530363531347
372.2764061964505
410.8735772596495
290.8567715207101
330.90000992260883
277.2000330459857
291.91997323622655
323.99799821788775
324.315736274381
260.677096784464
323.7435464846136
263.6940610468772
382.37311649031693
356.2169166970079
291.61279157780245
216.9133632866457
355.4337635381259
378.6900276493271
273.1457577035189
383.3772504748536
317.3635377195305
282.8886106516924
296.745669992391
290.7681498203129
292.86245978369703
414.74621887160674
196.65223955775437
325.6061575340437
385.8622206166958
310.2671727487857
286.79556834911176
296.401465286081
294.4959230312053
255.0978165084314
249.35289858573273
475.80917047398106
249.2601998571078
240.91745406098315
247.60896072886723
249.35946171780813
379.8993551800274
310.428956317612
192.71472550451696
373.6575498591879
393.46611377449835
311.72978173155326
350.3725259575115
254.64407360367107
312.22467388051905
258.98587599739744
305.45641005940325
400.8276765873978
480.6391031954952
270.8534028224831
330.7187132133171
213.66848988131514
295.60486470583817
366.0227211329739
443.5083371220815
300.45236315507725
304.7719223637562
303.9885416546388
305.8779811946587
355.1999417297215
233.4797677667589
447.2920383510159
354.22590341784974
269.4003244585777
229.03681237688912
341.47011838098774
256.81077249368127
245.6892082184387
349.0831205425664
433.26734271436794
296.163829025514
305.3663944481383
287.43982769349145
419.39189368752665
237.25739641351348
380.07324696744115
353.57586485656515
215.50463430871494
322.6028693380756
385.2251689998698
369.4510104708065
438.27147783066636
485.3825534121269
272.0761229805426
197.61800828103355
329.8466010169766
384.1729820059314
259.76491178368656
268.01284777310326
245.95694067825883
215.40429381009162
284.62187055381304
261.87445015122506
134.57410280012073
472.2438955130264
489.2541210228688
397.654757951321
348.2931918255291
336.97946575796635
405.97436848226073
347.8389007933949
266.50205258227544
471.5603608643528
266.63279433407297
313.16608550763294
313.59822379250795
272.83402496137364
227.80387511803883
352.0625675329515
292.89637657983235
187.38161541348944
230.14844892336637
225.89112310764475
434.2464081101441
174.25105676398988
280.5850731950019
239.88423170163964
484.91212916964434
348.66603887462117
264.270342791585
358.5390643927267
337.8842311671646
254.01800021928872
211.0244420772802
367.94062811937715
230.55321329043335
369.41658884748483
336.98693429790734
351.40263178580403
398.3584831962631
275.44169041702065
236.55397112548349
394.78217482774585
246.9592384485759
323.0166373300078
339.94979726934844
351.3196239106055
278.1718711827926
220.7779585573968
224.74325401436226
304.56337472432523
282.99507534022206
380.9236193611415
281.3270169712158
310.2728186870106
329.3923765099932
216.0748098820433
427.70312544291386
319.1661793904902
322.0499571755134
470.50498621326847
214.06549962396247
331.63848094704633
426.71748245794174
307.6306443953872
391.57536895635724
481.48425603826905
405.6245121216695
390.9762505888019
417.99074154646615
394.4380982280119
310.69630732741825
206.74660944554756
290.98986999543024
292.31017652189587
338.62842439017334
407.13307542251306
342.59647071114335
447.7766686512484
320.40940129912843
243.8865518902998
472.1180500946243
326.3980623172497
374.86620573076914
276.29134093404997
339.6949006980843
249.95105506495347
385.8543637825706
234.1506437127049
302.56041185773034
234.56173048776253
366.07807952745804
330.36324569471185
360.9967476594958
294.77754352725844
329.90737549405924
290.5597806889777
172.71493812289518
237.86983111592733
424.92151832875044
308.42791344070673
262.22144102152305
299.2455517194289
236.07879326118518
331.23752870508554
279.18669587366526
338.7420668843982
363.7247011568197
327.019166963837
241.59512224660006
219.64490105192533
380.3414710086462
394.0832119493706
407.1346567483625
351.9362039948673
346.6207820896284
401.2611313960419
260.4326439776248
306.9093252295301
386.53842951365397
277.8636305242482
251.37998290154363
366.1291198890791
229.93831076942078
415.550738664119
222.34041884976688
393.15101311135925
291.077325650023
221.30483716684031
325.3046988300531
318.33691973708983
421.7010840247418
205.89919277521065
428.76717469678226
233.40494221020072
395.24972752658766
246.2585813744392
318.0957846305263
361.22189585867346
356.4860033323023
200.8174261112421
314.8851750254704
229.98498608868158
307.9261140235734
313.45312498715913
314.296672900928
401.37317096056944
204.23188377179855
374.9279806945043
287.65824823324823
430.935159000562
378.9956857733099
385.8870847593234
206.47682420729814
525.757469182932
246.66831869277547
279.17772616082624
281.72625810362746
233.3975545500896
257.5993811619045
443.9110950693116
344.3375136934797
303.5091595305935
497.5875854967125
297.17435278932396
431.22500401646056
380.9355969815487
236.64354700588254
230.73576238580054
304.04973898310215
259.7991067472822
431.07433917629083
165.81290440735583
362.41792005919154
249.39193595310513
361.210855341306
374.2695848645733
312.5968453889438
314.76912138853993
395.0758447345244
256.34375614526675
166.85853900421674
337.94728086192066
235.35546892432635
187.58482639840858
288.35666216007377
413.5714347505498
324.06842994178584
352.89579906879857
131.4032334826895
225.96994139958485
294.9792326622508
322.89973958780934
249.16219849371117
214.55542409527897
276.07960020042054
312.6303722349293
278.1955044712356
322.3548722670565
340.5999994004143
268.4117981001741
409.63341255865674
256.8174350493235
389.0650801618903
293.6676418937891
233.41067117864853
333.8651912983692
177.1139080710632
278.9225182712957
392.96437648894045
275.081522379368
193.49089629826253
304.8617730557691
450.49184597899125
398.25430067261624
272.9799620761202
209.6125293685109
287.82903505940635
309.926849169301
238.6765731967907
374.629474208249
173.1833354615441
458.21974958293947
425.99309461848947
272.18518674994385
441.94146989540735
278.50655684694465
209.1538666856672
423.6048277508827
171.65248902366838
265.8372249368479
220.6328961631645
441.7590682845246
222.8267732425711
458.2218863183856
324.2879818585689
385.0020964696082
281.86527524645777
283.50191774115325
412.951204293421
391.02709377287255
222.7496166917869
294.3729330249192
347.6325328017213
222.57705879980725
341.3656413608862
296.4959023027334
412.8680395105613
439.87680064196405
327.32704597475737
300.4034147612867
342.1442419965913
266.5598300253127
370.3321317648501
359.20850220801793
365.19485469776015
195.09081340609515
356.25529513736984
223.02510875927823
301.86219080297633
218.52407769096274
142.32262265928586
275.7288195333532
280.9343929874864
264.30100615990045
442.0560196659741
456.82205760286763
293.7009722506968
341.65003024540715
384.9357369863216
261.3447448007803
358.1973762301774
324.7062260362281
223.3794054856186
242.0092930521935
166.71030590410447
448.6407241287216
372.6154631387937
364.0221609798862
289.96664543304024
364.11931886184846
402.3603083397674
508.5209054116236
396.0278343613234
205.59344237948244
348.98190588923967
315.97584541656124
299.41832811227533
456.53357751575203
298.0036267889857
308.4141931283308
282.25358506827524
467.48398529885515
184.11557366917688
397.0442344796385
303.44824039251125
327.79148360543763
255.86536210565316
311.3663223843357
192.69032943627647
439.91773763501976
314.6247872169407
304.4009628637272
215.53261944972272
281.46087705681407
368.69645933050873
372.4056760305676
348.98631667337514
345.44760679101495
356.3572729913288
359.33517360012365
335.1623967835472
301.50138047564786
403.1859698509442
241.29863660898093
178.3554721768281
276.41885204594365
188.68374123228716
299.87260738552754
405.74732809385966
206.43857108025063
312.9962078042149
359.90599475948227
313.41143513150394
416.47400213197767
475.896706172193
415.08525469037914
294.11252333603045
369.07180901803804
423.82177546351124
290.73123932059536
306.6010294608822
232.52317031896925
331.4827766603435
326.97937756446066
273.22050861706913
343.8724038990699
343.4856954753132
187.92813880013355
326.4056333043847
308.80759923470634
376.145278535032
333.2009695908451
370.0830432602168
297.78081046430555
186.51643538093813
345.64375880203875
263.54322289139276
323.68253272347147
195.2996430715698
297.9022885160978
237.61586270228145
244.09451093634092
257.68139886666125
339.30703062576623
314.1543170619129
307.94699489264235
170.08352173712026
294.8152806022492
327.2884310940707
279.59058295670195
269.4222515989495
347.8295093506264
311.1793520307235
405.25005902035684
365.43080437598707
359.8905319116317
351.4638619323489
422.0084299787147
326.48571035448
362.15039231985054
406.7145442069427
191.2015147031644
291.1092848443871
250.74343517873837
191.55586625595748
502.1751574804991
263.02721599368704
159.72539773060475
392.83436372587926
459.86746445189334
305.7739404367408
295.83750598939804
230.4586004744841
422.79356695719366
292.18624476172033
252.78234680272308
228.92894226159248
251.77393143772392
215.97723457063034
296.12444530095263
363.73033496593695
385.38214305097733
450.3242361390832
247.51929245931248
283.5716854798484
315.01393754209204
297.81310285339333
349.3036401703559
135.68178001878042
461.70687906798696
346.8263906562196
297.8961138054857
248.18499424977657
237.96362579811313
350.7983681274468
290.73235859310677
294.61351678002904
211.6893133208343
337.71005149350594
387.6759752964674
229.5209889839761
342.3016226122011
243.00534382980695
361.75991572581376
238.97280197585752
340.42350216950956
220.5469837546942
331.4882312959211
367.1909481317264
228.0355613971585
303.4178493180969
288.7788966134958
291.76985389121455
365.07333262800506
350.91732699984163
312.7862547429311
378.3902432431443
319.97682616877097
329.57174925408555
250.93461759723593
326.08826320107045
151.4885297188353
214.52205884819423
168.66740939302164
252.83151452456912
215.71347445606642
330.55058095143136
216.79290175169282
440.42766602543946
159.2159732514592
446.9080753677615
255.497761436229
387.759953734694
366.3591006536959
205.03335566984595
249.95587623012997
502.56500152090183
337.10697240750636
264.6109862209681
446.4485915167259
451.73013505757007
269.5045073297088
358.2493788227091
240.20351329249502
263.2134036186165
271.3991208214111
346.70549345359683
286.02712502021626
300.22213447427015
210.37213607645052
280.3967571067055
343.07383746611424
359.90671215833447
132.84675882537925
451.92312508968524
386.9151027725273
367.1149162267781
260.9833139328152
461.680000066957
331.9317211851187
298.62335068374745
259.5151648150729
224.17647573836098
341.67641234956903
243.85031725006513
211.53584080797512
262.67249513456625
416.87709048750094
198.9479565602147
369.15166299507564
377.64960643693746
271.0684607021639
264.36879093735547
252.75207730747394
446.2703615363335
427.9790115010073
248.79073108184397
345.1028606881715
216.5823397783881
265.50994805251804
227.90827647443578
278.5962979278672
346.0943258102318
354.79992507647177
240.19447718104797
147.30790645493784
300.11173955292503
240.74950801037838
423.7807074026303
438.5026157444104
449.137402858394
315.9242255766029
323.4690353056351
480.80321208235557
289.3305836775831
300.0094250747887
208.01618885221785
338.2840484197159
147.35460515909853
371.9556478114173
170.57671095902583
301.84656416958404
339.78925825159814
215.21613790723174
347.20219509125303
313.8640825015681
228.57239773635146
339.6879223406196
262.5664542011838
379.00893291522294
295.3515777487905
323.2010863993389
315.4184698851279
404.50717937528935
419.66544350196796
340.1747588922346
360.80885077843715
336.415568067376
236.94691896813174
354.2045986116157
296.26268764551594
294.237088762655
252.5306782596984
338.51792234472794
248.03800743441028
178.40402805737344
246.47852526333944
218.06162032025048
286.31486566290727
335.80211455537517
268.88795025144736
410.4067099150618
145.66741734156008
143.1673475325535
193.76879966411133
408.01435467271796
349.2563390257561
325.4506540056915
273.28491676231044
265.28060092266963
372.0237684440268
296.48208592040174
478.1813014908529
300.56089234499024
187.7755608652879
308.0115525540732
345.4802357296148
293.6732124369172
400.38071881131754
314.1557069274322
280.3569028279857
409.67675540603153
381.2228887812181
328.2571049116624
311.5887064300005
172.4150524049899
394.48409277880165
336.57531874413843
339.97506637491455
318.83066596700746
348.40639172945976
346.38425753913106
307.7779917587827
342.03461996958913
371.55444249344566
302.7576238292937
306.24335362976126
315.6235041009515
157.1118124754909
291.32151580871715
341.0261987043457
283.0911393323337
339.56817359416345
379.91223658513405
328.6913797248469
320.519207392883
349.05997776623224
370.1228389791649
300.2431990663158
372.98196872193796
398.6124450224465
312.12084115992735
209.9515094274251
344.0416269277072
386.7824827487901
238.525393779682
333.0340799093659
347.80416903791615
261.69721137640806
358.45944365369877
228.44071577005417
359.32106232898354
252.55597447353315
295.94214831287763
217.732810505585
220.72289607268078
198.0637721350049
375.3379079160003
255.1353475201227
207.5015641671157
348.62365867416315
427.34521312508457
351.4043812943862
240.24602239903712
306.04133115569334
303.4054445703196
345.8544860930491
309.3636200911938
512.3859373995689
277.7880594193216
241.34834207647572
266.01643756082115
294.7300096943539
285.5257896822931
222.50439064967284
271.6498183108171
232.56349867823835
206.64206595182316
265.50765313367674
405.77588722122675
340.3992852727048
415.634724591317
248.61610075126518
284.8125650418751
224.08618252123597
356.54222622974726
276.80652034856763
232.03959079732857
283.888010161739
275.7854246798152
285.58857763815735
393.20486232766297
246.8475414084661
222.4001883699515
343.9424816657796
366.04263788855326
239.57145290028976
146.80842501514613
317.74595972282305
460.8408619864142
240.18611948101866
369.35808295104414
385.63326981627506
159.31352834690964
247.81868195724087
302.10958352946693
389.7270026349041
320.6919267871742
82.14362140924105
326.0184764264655
301.5645075885108
254.59424596925948
351.1679782062171
252.99634952437668
299.5131983292859
284.00584714701097
228.70371686452103
296.3670620501552
336.10821650720106
328.0310155387591
347.1037682285153
371.3038225970066
351.3535489908777
366.83632636198263
223.13406913147037
284.6574079986135
319.21203155725766
144.88514732384834
331.04760768194683
401.0844005176247
265.9573316744641
272.45312905921327
294.8643523448807
183.65375876443304
247.03128232025404
336.3440470286513
277.45558585779986
466.84560705851305
276.3243378418501
283.56967027527287
258.92538205505446
222.10335139937936
124.89996035960206
118.71875252192055
256.66511779980993
251.045526658112
334.8713489468183
242.82163896396125
284.4786482093744
166.76733234319227
286.49166602929574
277.63301869975464
376.7761538440495
