230.59411396901373
338.35113632376635
226.202336728224
193.07507855905703
123.6952710170765
279.5120182716829
171.0225377560659
402.9020340977108
238.90838515342583
361.763214867673
350.3863044071473
263.53342908349646
265.28639036053926
246.45115121275663
364.8872908485379
164.8848251672918
350.36769433121003
316.9553993619178
396.0060203585766
256.4394565861741
301.25186632548036
302.20892153611027
383.2137951732745
375.10778757293474
279.6412402248125
246.0612468418621
373.1166506721782
382.5687353708384
218.49094546405766
286.785694689631
300.6045118372497
276.63096505135536
375.38641817748714
218.10714988415876
444.6790171842342
199.24806700276974
341.9081692845614
423.8754031078098
210.51441422963038
113.00055397864608
372.977703930852
242.20747142407114
178.74100335960821
247.50438710273804
278.54876083387506
247.51101758591875
440.4104177618202
247.44495880967085
339.3263313235697
420.260800695284
300.4749494428473
250.80867572897088
428.49754187344035
301.2389864110321
355.1331689607502
297.7254177176604
375.58521778992224
331.05781767436133
242.44640966491048
348.38873899097985
267.59367742202414
343.4344820447564
276.65600683053833
365.43275407069353
304.3317846145292
274.6220518552121
276.25939231392186
267.8679248407574
294.92300461214137
281.42671368774296
435.00054621126424
368.105400441128
231.22531335153957
300.50459671561623
271.8930656353554
302.9957624292203
271.05704565600905
315.35002059040613
200.8811910074347
292.8730139089545
336.3611995994808
223.17444975787953
298.49189802185566
253.20529907640818
302.30008982920015
365.6964856296863
256.0094911333531
346.7101381948844
381.53142908568896
331.5543491302507
262.03442021738306
189.5861447806596
347.5411809682604
311.39234742078867
252.29589321099255
398.4759441290301
363.74109620434547
325.7869446069706
344.91380729437884
389.63655315839134
217.3133696759285
381.8474195386471
271.4904164072146
306.02705787204735
158.43022876496852
311.9398901973989
382.5444598166292
350.87687194882045
376.93219811738766
268.5867792519581
367.56386643185687
253.67018259478783
331.79750916315794
310.76710870644115
166.0237735234242
376.0494731754192
235.0793121394076
280.9518387484859
208.7952673570997
301.3823863308234
211.23420588650862
130.6695798644853
318.1473252269705
380.3095032848091
272.063957221024
267.71819616810467
380.513486527389
389.938797859609
180.88782466395307
332.56666167523844
379.12463719414427
323.10919796713677
363.0721930789989
341.34556884115096
446.1460732785361
260.2152367004488
300.53529932401506
422.70302784213396
179.9577166762239
188.5783754069635
232.6214031529779
436.1788997987035
228.4778655771122
308.81761085612106
340.2581437719544
233.27628233438952
284.5365252491267
268.5995464652804
270.1593926999537
319.7080753721269
248.1678266917412
258.23240036541307
254.11652224323112
425.9034570779366
277.04944302722936
238.2372261241295
390.8147109109303
392.8219469729563
199.01283467121758
305.59542182929806
447.9265652574021
202.9907136041871
259.07884409004623
174.71546675435062
507.76101632400395
266.0637102597068
196.04787227629686
166.66774964905204
340.3027514482221
332.166426534941
267.71172811963123
356.095526423643
416.86122010192327
164.7589189451387
295.9127244186003
399.1299226267183
248.43547938758465
293.6973218456819
288.6556441653093
193.0506843494614
305.3845070616514
384.7074036872152
343.414526925397
244.8178727306468
327.2416967133286
248.51811798863855
271.1499635151686
201.33621723654338
161.0826808691507
358.79913249273363
224.37979424493545
313.72800818354557
349.90563615427993
318.0032281823705
397.68102329103
223.62800629844554
338.2128684345697
261.21187386999094
313.7598064766757
324.5519990910545
258.1298875105856
362.43647870536773
259.4591436044765
357.473616851506
395.73904573888217
275.9013837651182
315.97892867688165
262.0119714076173
277.0050908424453
309.1030472387444
309.37814279423606
245.83637606766644
308.8454328192216
248.78657975919973
367.32451135036797
341.1425580255831
276.7989875334784
202.11998856811883
340.3470974870465
363.65732515579344
258.2079193765378
368.07502760943584
302.5591472326747
267.9643432525688
281.78487746762886
275.84863282245993
277.9251187138628
399.63296830595124
182.14634238443975
310.64625287411184
370.76451672979914
295.48679529035604
271.9507575133019
281.38913777292447
279.51652825373895
240.5719695287681
234.784972391125
460.5385633158219
234.27334444815696
226.00465248525677
232.98413238747685
234.66927776154884
364.77559046620456
295.6429140711314
178.07541693170054
358.7346485421188
378.3142947640609
296.94351972286194
335.25628602465537
239.69209649094253
297.2063882611701
244.46392451475967
289.96436634206594
386.22807583048575
465.3749898932754
255.79733745613146
315.93370504330613
198.78872387986908
280.52189095854243
351.03381994490945
428.5757795742807
285.60591612441925
289.9231945943459
288.9657786758362
290.956816734016
340.34157003090206
218.7892776680789
432.3654617915113
339.0823204943153
254.55595150083636
214.16119300427943
326.5324865616119
242.17962014051645
230.6866684609876
334.1759679464091
418.33868109566174
281.1617324487016
290.28403165187115
272.35283017571146
404.4719418514937
222.22120566705152
365.01419350604857
338.54142336702125
200.74188500450987
307.34501353209356
370.2983637539053
354.69851713413794
423.5566459175564
470.1864360285715
257.0956402660747
182.87301483432262
314.7550323451861
369.4157004917494
244.97119409296323
253.13636760581883
230.73281672269354
200.38113720745096
269.6562872849176
247.14278952588683
119.73906354409247
457.16099040021527
474.12453608096433
382.5489783320072
333.26982333149533
322.2980308351989
390.84112908805264
332.989735255807
251.6646228048871
456.3008618899429
251.78449976388626
298.4250785223058
298.8725555851429
257.88225314259523
212.92321572551182
337.20943186269267
277.78653243436713
172.46613137591567
215.71273581904225
211.19809738903194
419.1826365764076
159.20138398788788
265.43481949423136
224.9430740710908
470.12158158589324
334.0820972649341
249.39510442886794
343.8059754432125
322.9561670516727
239.2106675873567
196.12524821682715
352.6790385976416
215.61375226029907
354.45801663836545
322.17482457978736
336.44391816010864
383.2035502548379
260.2795165271459
221.61974576189127
380.0155322898285
232.1636256293084
307.97829884602294
325.3249240097891
336.2729458247339
263.4092166058209
205.79184103837196
209.70619651183526
289.38894265430446
268.29233769649085
365.79320967628934
266.66969037152126
295.5642591701868
314.12565764558116
201.36821265185043
412.66665260045187
304.31970824874753
306.92221048921505
455.0906312421762
199.24554150394226
316.67047225114567
411.5320502181
292.50632629208866
376.6832752463287
466.2823286820692
390.7929395505141
375.9173575781581
403.1167363477912
379.4558866192986
295.7889100935869
191.84203010933658
276.27906113666944
277.5522589238157
323.8222690097343
392.0713338055909
327.5382614138616
432.75596607496004
305.3570644556756
229.19685393904302
456.7966076984233
311.54998319668147
359.5796476668044
261.53718145352656
324.7213151468242
235.33538993172922
371.136276132268
219.23328290769206
287.66028255051947
219.99707319800214
351.3366084481052
315.45020090386345
346.1303231778069
279.75055859108096
315.0029153483158
275.7481236182196
158.05517798827145
223.1505377522991
410.10085504341976
293.5137064039076
247.33611700334882
284.3449317806484
221.3056555121583
316.377786175454
264.20548783659905
323.7130864374391
348.50351287229444
311.9531555610088
226.62347915474643
204.7632380034046
365.4193968714017
378.9110075892292
392.39526425856764
337.1747173687823
331.65733421357237
386.1741061488613
245.53268428092986
291.93680963764535
371.6075390812896
263.1446905369764
236.58950960599907
350.9624367093465
215.27118041984897
400.849504008358
207.61841408124047
378.1345915613935
276.2267469036446
206.6051110534969
309.99807776570117
303.31735749455777
406.7217715789723
191.00696430604003
413.4566411465126
218.68828295319923
380.33465392429304
231.4111900400427
302.9859167991308
345.9494565810671
341.59383377372467
186.1846214896215
300.17971175840904
215.3221853193263
293.15896502178094
298.626834020492
299.51449511065744
386.2693171867815
189.23419760212414
359.8759776376683
272.4651710750679
415.8586403210378
364.0618367362216
370.98365603879876
191.92345744006582
510.66872970386964
231.84079169529937
264.3488381162163
266.843697438318
218.29081578709614
242.76930004419899
428.6600117940466
329.0886799584436
288.5453492616097
482.38732815196704
281.99512825161344
416.14122771982574
365.8398481755385
222.15503666165236
215.88595871244826
289.15069068549815
244.99878763538604
416.11552191124395
151.2081348661836
347.66138555009775
234.5458074371709
346.58062440437976
359.1585868329516
297.6422337205126
299.8600777370719
380.0547691248974
241.3249427180542
152.3209719489909
322.9960647268486
220.43053846823648
172.81560859824555
273.4453840876918
398.22339312946417
309.2174855598609
337.6777754100182
116.75678272391481
211.3569659447415
280.0709067429425
307.8899115792501
234.06146733822462
199.82070340318106
261.43375664368506
297.44356485095244
263.4499604177575
307.1707068821524
325.887819174903
253.54993572105735
394.47027399599165
241.86692773956352
374.0051491709967
278.9799495307295
218.48979262199663
319.19889648061013
162.50890528037576
264.1507373370122
377.73023534714747
259.77273598688055
178.82206705471287
289.69100127945103
435.3654271266254
382.86704531915365
258.342575366402
195.09946911890438
272.8815812519052
294.71582144533363
223.72085445184834
359.88094150058714
158.29593378458287
442.95279100050936
411.08988880020706
257.36767338771733
427.2552545373703
263.2855921671366
194.4684317603441
408.5302049679179
156.87636700234222
250.71361625216204
205.86954876538383
426.1883818370474
208.1240546364753
443.0024228119894
309.5133296596059
369.7679410541495
266.79352307955554
268.5093783231479
397.8895032272692
376.1228035005509
207.94501506548866
279.53680395053004
332.6371158786421
207.92550829646297
326.6337336317612
281.48722972304904
397.7745392283099
424.8374125178267
312.40879875896235
285.5693918853855
327.42684678213647
251.55345230672285
355.6765612423349
344.0603481108222
350.6043551945736
180.32815347099202
341.38623289901864
208.16221496140423
286.9102844696886
203.64131697521464
128.01906628324124
260.9853224159212
265.7278913627154
249.3779412185675
427.135344881217
441.92664892581587
279.00908567583656
326.4660917901913
369.8849226631135
246.29132323898824
343.02638060087514
309.96045812598555
208.73283252314528
227.03473166103552
151.89288721902773
433.6931324795539
357.44201425023937
348.8933227325838
274.82129312101375
349.169719118952
387.31550869805324
493.44973862737885
381.05204804451716
190.79882645679706
334.09062697881825
300.95153507430194
284.36699590615285
441.1684660313121
283.1257777260032
293.4467064467997
267.5072568773713
452.250485217147
169.1881540111321
381.9587894196698
288.70320352845584
312.84790677922905
240.949193007629
296.65923918897425
178.09244513153502
424.82511938649276
299.5402186090309
289.5503919466713
200.7579279348143
266.57883132032583
353.4211094136249
357.47557862501975
334.4509831867105
330.37727531541
341.32543347296075
344.11681038323644
320.3608769564836
286.3264839811247
388.30605645939085
226.28631611050122
163.66211146583723
261.5757267348022
173.9190274634795
285.0288831632363
390.71113649177937
191.83356599362878
297.8823289939204
344.8439127524182
298.30783255293056
401.64082305556974
460.6218304051482
399.96972878826637
279.0334107681731
353.97198667510344
408.7793580537055
275.66603267250076
291.7124577843496
217.62997804243432
316.4980607048135
312.05319022420787
258.5387425940564
329.0423668007441
328.3902810310979
173.15028338415357
311.5345555540726
293.74948189532256
361.3138407908606
318.2148195926707
355.2421503616844
282.88435865377807
171.57938283496082
330.3271335104382
248.83272924792539
308.52780373421376
180.45718527737978
283.0508082321565
222.82604407580158
229.37364219969288
242.40518097023713
324.4287100513744
299.0962793012589
293.21235879081223
155.53057689221174
280.1837154784095
312.5405033508996
264.76303586684645
254.32200995404455
333.12428103368757
296.4431943516867
390.2257933343761
350.532304202306
345.132163605043
336.5439891899425
406.910985674442
311.5292498631844
347.1801750201658
391.5813110070237
176.36546891854715
276.0690684516937
235.91471426322732
176.8701248121292
487.2148397346682
248.03776993467008
145.16779053586708
378.1648776417999
444.6539020510316
290.9880758666095
281.0150130406097
215.49408755172013
407.83521952803204
277.4286324482045
237.9297380011598
214.24722216970238
236.75091785913085
201.31229301239486
281.3230054652964
348.7155128019411
370.42598470841284
435.29513983458816
232.6121106069647
268.4907757643927
300.15870776145084
282.7103112354149
334.280604253619
121.11226864419444
446.31817614274206
331.5522500197619
283.1453948385541
233.4097219931462
223.04630124453337
335.65089799396867
275.92594161334375
279.8934196893039
197.17540684100706
322.8216329116479
372.59077001999907
214.41556680045693
327.3888247018941
228.19930879604883
346.5761545492009
224.02213232789677
325.67327155500624
205.80260152285052
316.2095923613699
352.2203215643414
213.35404328443053
288.2726911044655
273.7423646739773
277.1169287440288
350.35393450484247
336.0454248688959
297.607713345193
363.33642095397875
305.0267811543142
314.40354302228053
236.1178351130552
311.16196249071345
136.78844195802017
199.776398350441
153.8259168282013
237.72097167319097
200.95908284083043
315.5381689754782
202.2183225206929
424.95968294275724
144.4532096657093
431.94620254254374
240.67970252840954
372.61219422859597
351.6115462018387
190.36910556177932
235.24954805377385
487.5879918540481
322.13938833915756
249.84874538649026
431.20848563553136
436.531222095336
254.52665724236024
343.27512617950214
225.32317074710141
248.49446248902845
256.64416337242363
331.6504767224487
271.2388846356291
285.0224934594042
195.73485707314373
265.60951374126745
328.1440100606064
344.963389183214
118.06450605504605
437.1442327667475
371.88669687916985
352.0394532643887
245.94242476342816
446.45734011647085
316.8892096864466
283.8590212167142
244.33372624829872
209.41499469761436
326.5962642190936
228.69452404708585
196.91631201268078
247.86535115023725
401.86336640388845
184.26355623255546
354.0903980767266
362.63269044067397
256.19926574105193
249.744040406233
237.89525056734377
431.12972095271687
412.5670522058466
233.94081417790267
330.3829698567987
201.69805810990235
250.5431138410608
213.1578509213192
263.6220838506013
331.3774943131939
339.6823773010851
225.557500574576
132.66441408169797
285.1637779607186
226.21004007312158
408.6428056315027
423.3039909302487
433.94421485459213
301.1401456686931
308.613840736438
465.6613302502263
274.11393128038037
285.09887214757464
193.1623440266171
323.5447319943703
132.75462110950903
356.73757657792765
155.93248544638763
286.8063930893207
324.81987387427137
200.63127304816757
332.25715943402514
299.1824283150892
213.25719829020215
324.50967528043725
247.58361067107603
363.81207330771144
280.27705945344724
308.10340211231573
300.3354684410154
389.161925827597
404.6160725106769
325.5269798598549
345.7006732647646
321.31928347885497
222.23191324241222
339.04214146084627
281.4112995024366
279.2289786196799
237.82234083556986
323.6851464668798
232.76209341626236
163.53747678359295
231.46301966315752
203.32491538352727
271.7738295618021
320.7535163031434
254.10376702660503
395.39939416191635
130.667498798887
128.53444907688063
178.94142329870348
392.92471081151217
334.09793094430324
310.8256915917856
258.51157248557456
250.38328586184628
357.1122668075328
281.55314522582694
463.07875610009575
285.57951987931864
172.95188028670088
293.1653940246142
330.4957660628937
278.80274901731354
385.3836633114037
299.2489117305807
265.30464200712925
394.5711254931659
366.02990386011044
313.22445492522405
296.61844232707614
157.61244096638717
379.5021750856559
321.53650970170725
324.91719779566074
303.84827814522777
333.6337377879469
331.50940891229317
293.184025582857
326.7553842187529
356.3160607054525
287.92709145448
290.9247074988892
300.75789166751855
142.5582266312851
276.42943277852146
326.1380005061396
268.3475061534919
324.2130535257297
365.11588651334347
313.39609158917943
305.78233216855773
333.9986427086775
355.07745758921783
284.9667215308349
358.08456233890973
383.4507329670955
297.17964563887534
195.1487841528319
329.1783233428878
371.7158713327841
223.37253884480558
318.0530510366301
332.5464422984024
246.3889792872665
343.7139131407631
213.7178484911654
344.3265881392118
237.42045609565338
280.9486055766599
202.90753268000745
205.47794010926663
183.15246732922222
360.29321910729203
240.57638410454672
192.94788385769795
333.83706532442255
412.465839174369
336.6744693616649
225.2592420419167
291.39447172409746
288.76074725955414
330.8814359671068
294.50563088826954
497.2035422316508
262.9082571203546
226.5614677908835
251.262548326953
279.5340531310251
270.64838729657083
207.90134308318179
256.5449995456773
217.23189384203565
191.90371382379186
250.69484084643685
390.8204285564669
325.178347052416
400.5899082945329
233.43496424104484
270.16443583087863
209.33913505212809
341.5710874792825
261.9136297656258
217.22576840758174
269.03780843705863
260.9801390711406
270.8425532163921
378.3220433889294
232.20641714696674
207.6654795362751
329.04323347323543
351.2533870165594
224.84796318449523
132.54108854707098
302.61915526973576
445.805035539595
225.24768425367535
354.4072912363815
370.6120028438079
144.62063514654344
233.2320226519099
286.9544832513802
374.74012148763603
305.7415499037346
67.38279395415123
311.3475797815512
286.721548172882
239.64613087449575
335.82233618659063
238.08565179151387
284.5371222930047
269.14954233375624
213.99284976556805
281.610566721096
321.03339715248615
313.07463096443274
332.00153248759574
356.2845537715954
336.2269949920858
351.8134018685507
208.46903708443375
269.5956410494149
304.03974134841883
130.34741442031168
316.0674412429995
386.1611192912686
251.03163858778854
257.1604132143378
279.882712174477
168.92688235051847
232.53921373974708
321.3274414177496
262.6027632992251
451.8050813733967
261.1908772399314
268.91469741691003
243.97535135362418
207.42520749043786
110.32665328002251
104.0264300984123
242.03215336308222
236.25642215742434
319.9441818142132
228.0268763924383
269.2874694954136
152.0337358692455
271.29679769816687
263.0384267375314
361.6319740335298
