12002.0
12245.0
12227.0
12189.0
12061.0
12241.0
12107.0
12152.0
12197.0
12236.0
12235.0
12237.0
12074.0
12077.0
12225.0
12086.0
12259.0
12258.0
12156.0
12197.0
12083.0
12134.0
12252.0
12280.0
12225.0
12208.0
12209.0
12221.0
12226.0
12057.0
12180.0
12234.0
12264.0
12225.0
12214.0
11920.0
12201.0
12260.0
11977.0
12155.0
12246.0
12224.0
12143.0
12248.0
12158.0
12241.0
12251.0
12163.0
12225.0
12205.0
12175.0
12193.0
12238.0
12217.0
12243.0
12194.0
12164.0
12224.0
12230.0
12201.0
12185.0
12219.0
12172.0
12231.0
12265.0
12254.0
12243.0
12100.0
12222.0
12189.0
12228.0
12200.0
12131.0
12234.0
12064.0
12187.0
12228.0
12207.0
12177.0
12240.0
12239.0
12208.0
12300.0
12122.0
12126.0
12237.0
12170.0
12217.0
12218.0
12204.0
11958.0
12182.0
12118.0
12227.0
12212.0
12243.0
12229.0
12264.0
12204.0
12246.0
12038.0
12226.0
12228.0
12214.0
12211.0
12171.0
12296.0
12051.0
12266.0
12182.0
12240.0
12184.0
12268.0
12261.0
12042.0
12233.0
12229.0
12160.0
11994.0
12098.0
12139.0
11803.0
12224.0
12182.0
12192.0
12245.0
12212.0
12228.0
12236.0
12215.0
12220.0
12169.0
12218.0
12216.0
12226.0
12111.0
12253.0
12187.0
12077.0
12116.0
12192.0
12266.0
12234.0
12209.0
12228.0
12194.0
12245.0
12171.0
12159.0
12226.0
12120.0
12185.0
12183.0
12244.0
12168.0
12122.0
12260.0
12264.0
12079.0
12222.0
12293.0
12164.0
12223.0
12137.0
12296.0
12241.0
12048.0
12178.0
12256.0
12189.0
12257.0
12239.0
12205.0
12001.0
12164.0
12229.0
12162.0
12209.0
12243.0
12077.0
12201.0
12192.0
12247.0
12247.0
12193.0
12054.0
12201.0
12216.0
12054.0
12250.0
12229.0
12121.0
12251.0
12198.0
12235.0
12102.0
12193.0
12233.0
12218.0
12126.0
12172.0
12252.0
12136.0
12240.0
12143.0
12151.0
12242.0
12215.0
12185.0
12148.0
12246.0
12233.0
12149.0
12198.0
12239.0
12195.0
12227.0
12105.0
12247.0
12217.0
12051.0
12131.0
12210.0
12241.0
12265.0
12256.0
12181.0
12244.0
12127.0
12205.0
12209.0
12159.0
12247.0
12163.0
12230.0
12243.0
12234.0
12262.0
12138.0
12228.0
12233.0
12154.0
12242.0
12171.0
12199.0
12215.0
12143.0
12270.0
12247.0
11963.0
12183.0
12242.0
12081.0
12214.0
12189.0
12228.0
12264.0
12067.0
12172.0
12250.0
12226.0
12106.0
12247.0
12252.0
12144.0
12285.0
12199.0
12228.0
12213.0
12218.0
12236.0
12230.0
12145.0
12185.0
12141.0
12264.0
12105.0
12242.0
12142.0
12231.0
12217.0
12217.0
12236.0
12222.0
12265.0
12208.0
12249.0
12229.0
12200.0
12201.0
12132.0
12048.0
12264.0
12256.0
12180.0
12048.0
12188.0
12219.0
12213.0
12021.0
12230.0
12229.0
12190.0
12113.0
12276.0
12218.0
12264.0
12203.0
12223.0
12195.0
12256.0
12219.0
12155.0
12125.0
12154.0
12163.0
12152.0
12190.0
12229.0
12234.0
12138.0
12067.0
12097.0
12219.0
12221.0
12192.0
12129.0
12172.0
12170.0
12129.0
12166.0
12163.0
12227.0
12195.0
12150.0
12213.0
12182.0
12297.0
12257.0
12233.0
12198.0
12300.0
12236.0
12199.0
12104.0
12141.0
12260.0
12240.0
12254.0
12183.0
12245.0
11896.0
12145.0
12225.0
12241.0
12245.0
12241.0
12077.0
12265.0
12237.0
12206.0
12172.0
12244.0
12207.0
12243.0
12242.0
12240.0
12087.0
12134.0
12214.0
12125.0
12260.0
12202.0
12218.0
12283.0
12143.0
12176.0
12227.0
12229.0
12183.0
12245.0
12249.0
12237.0
12205.0
12181.0
12218.0
12237.0
12263.0
12221.0
12209.0
12116.0
12235.0
12191.0
12147.0
12163.0
12211.0
12243.0
12175.0
12184.0
12147.0
12253.0
12262.0
12181.0
12194.0
12193.0
12240.0
12229.0
12203.0
12234.0
12215.0
12239.0
12226.0
12230.0
12151.0
12203.0
12272.0
12128.0
12226.0
12226.0
12198.0
12223.0
12134.0
12234.0
12247.0
12130.0
12215.0
12198.0
12251.0
12087.0
12241.0
12115.0
12291.0
12175.0
12125.0
12265.0
12200.0
12164.0
12230.0
12207.0
12193.0
12219.0
12260.0
12201.0
11973.0
12284.0
12180.0
12230.0
12258.0
12231.0
12138.0
12282.0
12229.0
12210.0
12295.0
12194.0
12154.0
12171.0
12207.0
12272.0
12255.0
12028.0
12218.0
12257.0
12233.0
12134.0
12091.0
12246.0
12240.0
12253.0
12258.0
12222.0
12228.0
12235.0
12218.0
12219.0
12261.0
12136.0
12058.0
12194.0
12118.0
12134.0
12184.0
12185.0
12228.0
12094.0
12108.0
12168.0
12233.0
12223.0
12196.0
12250.0
12251.0
12228.0
12200.0
12099.0
12248.0
12216.0
12197.0
12174.0
12137.0
12182.0
12052.0
12158.0
12142.0
12250.0
12226.0
12220.0
11964.0
12189.0
12249.0
12243.0
12227.0
12237.0
12171.0
12093.0
12071.0
12202.0
12167.0
12227.0
12212.0
12237.0
12228.0
12207.0
12183.0
12271.0
12080.0
12086.0
12278.0
12196.0
12211.0
12258.0
12225.0
12199.0
12168.0
12079.0
12304.0
12217.0
12034.0
12228.0
12239.0
12149.0
12246.0
12209.0
12262.0
12215.0
12065.0
12236.0
12180.0
12087.0
12216.0
12238.0
12212.0
12186.0
12187.0
12099.0
12085.0
12192.0
12264.0
12204.0
12222.0
12170.0
12208.0
12210.0
12083.0
12202.0
12235.0
12086.0
12182.0
12238.0
12100.0
12155.0
12019.0
12242.0
12050.0
12291.0
12150.0
12222.0
12196.0
12277.0
12226.0
12115.0
12209.0
12217.0
12073.0
12209.0
12257.0
12244.0
12189.0
12242.0
12106.0
12215.0
12173.0
12296.0
12193.0
12190.0
12167.0
12206.0
12183.0
12223.0
12114.0
12237.0
12240.0
12205.0
12242.0
12245.0
12199.0
12185.0
12244.0
12217.0
12279.0
12205.0
12106.0
12207.0
12145.0
12264.0
12194.0
12112.0
12136.0
12213.0
12238.0
12195.0
12222.0
12254.0
12239.0
12216.0
12232.0
12229.0
12214.0
12101.0
12237.0
12206.0
12230.0
12280.0
12155.0
12088.0
12186.0
12091.0
12249.0
12261.0
12210.0
12276.0
12081.0
12244.0
12194.0
12035.0
12023.0
12147.0
12104.0
12138.0
12240.0
12243.0
12226.0
12206.0
12126.0
12254.0
12236.0
12254.0
12059.0
12291.0
12244.0
12254.0
12190.0
12265.0
12215.0
12222.0
12108.0
12277.0
12206.0
12134.0
12107.0
12205.0
12235.0
12297.0
12062.0
12181.0
12245.0
12154.0
12225.0
12046.0
12150.0
12253.0
12194.0
12100.0
12240.0
12064.0
12226.0
12239.0
12281.0
12232.0
12195.0
12109.0
12141.0
12235.0
12208.0
12164.0
12172.0
12215.0
12244.0
12202.0
12218.0
11893.0
12159.0
12241.0
12166.0
12188.0
12217.0
12249.0
12252.0
12244.0
12078.0
12239.0
12218.0
12177.0
12091.0
12234.0
12238.0
12132.0
12177.0
12060.0
12224.0
12200.0
12264.0
12176.0
12275.0
12001.0
12152.0
12211.0
12254.0
12207.0
12131.0
12133.0
12185.0
12054.0
12138.0
12204.0
12178.0
12111.0
12267.0
11969.0
12150.0
12280.0
12251.0
12102.0
12222.0
12248.0
12231.0
12269.0
12256.0
12026.0
12229.0
12121.0
12228.0
12230.0
12220.0
12254.0
12153.0
12203.0
12213.0
12240.0
12220.0
12026.0
12249.0
12201.0
12217.0
12074.0
12213.0
12202.0
12193.0
12201.0
12182.0
12287.0
12157.0
12007.0
12176.0
12191.0
12179.0
12216.0
12184.0
12153.0
12137.0
12184.0
12231.0
12155.0
12205.0
12243.0
12064.0
12198.0
12119.0
12175.0
12231.0
12257.0
12247.0
12122.0
12239.0
12264.0
12244.0
12203.0
12267.0
12229.0
12210.0
12266.0
12188.0
12233.0
12202.0
12305.0
12043.0
12110.0
12172.0
12111.0
12145.0
12130.0
12202.0
12280.0
12116.0
12070.0
12218.0
12206.0
12222.0
12146.0
12087.0
12224.0
12279.0
12229.0
12217.0
12136.0
12141.0
12215.0
12204.0
12086.0
12138.0
12127.0
12146.0
11999.0
12224.0
12241.0
12261.0
12217.0
12180.0
12210.0
12054.0
12102.0
11979.0
12260.0
12121.0
12155.0
12251.0
12225.0
12279.0
12119.0
12244.0
12221.0
12007.0
12142.0
12270.0
12235.0
12162.0
12227.0
12225.0
12249.0
12269.0
12258.0
12139.0
11912.0
12250.0
12204.0
12235.0
12197.0
12233.0
12213.0
12233.0
12254.0
12180.0
12237.0
12235.0
12189.0
12032.0
12283.0
12200.0
12250.0
12159.0
12263.0
12133.0
12296.0
12158.0
12216.0
12171.0
12247.0
12211.0
12228.0
12209.0
12228.0
12211.0
12256.0
12206.0
12224.0
12147.0
12222.0
12146.0
12167.0
12166.0
12246.0
12192.0
12149.0
12110.0
12142.0
12209.0
12213.0
12197.0
12172.0
12266.0
12146.0
12163.0
12238.0
12228.0
12248.0
12254.0
12222.0
12075.0
12071.0
12081.0
12147.0
12110.0
12234.0
12127.0
12217.0
12128.0
12243.0
12157.0
12185.0
12120.0
12246.0
12241.0
12220.0
12074.0
12149.0
12179.0
12165.0
12220.0
12244.0
12224.0
12199.0
12220.0
12212.0
12167.0
12117.0
12137.0
12241.0
12230.0
12228.0
12265.0
12022.0
12105.0
12201.0
12220.0
12256.0
11826.0
12205.0
12268.0
12126.0
12083.0
12193.0
12059.0
12170.0
12146.0
12260.0
12155.0
12094.0
12177.0
12223.0
12101.0
12230.0
12079.0
12242.0
12173.0
12243.0
12231.0
12207.0
12212.0
12189.0
12123.0
12099.0
12224.0
12129.0
12208.0
12246.0
12196.0
12226.0
12229.0
12049.0
12107.0
11923.0
12158.0
12171.0
12245.0
12191.0
12122.0
12140.0
12104.0
12171.0
12121.0
