249.23027522847795
357.4473126174135
239.93278280120379
209.27258713618255
138.7664532411022
296.46633680325783
187.65541706238983
417.1003537133135
254.60896968301745
383.0790855227105
363.8964074935486
274.6104623972891
284.4603795719054
264.5826476764733
381.3113726680834
179.37410038948406
364.3169229408103
336.70164604486126
416.2962861379578
272.8592646992553
311.71991366066703
320.39362941981557
395.4249787767706
393.5255890297021
297.14073057376436
260.4600506732248
393.16212923771536
393.9861058847607
236.0788474478479
304.49628471862155
316.86091920535114
292.92910716087044
392.93516555255786
235.7761915812708
460.7541794104988
216.73699706380245
357.93164560333287
447.3150478981239
227.46996596844767
128.3602571044049
386.2510718083098
257.3884933681178
193.56014839327182
260.6758814982599
295.0526668851897
265.55651217173875
462.8829159216028
263.21042385864183
353.60712607842174
431.70078672847416
315.3040294214079
271.66277228193604
446.0661040199074
319.11476293994167
371.21320078321196
316.4192906259883
401.1837658503289
346.49350563540645
254.107775672248
365.17177355127905
282.8591182728889
362.8259297060679
293.0613629316183
376.5026509618199
320.26167861476534
292.56290745048125
290.67882733447965
280.03970770942755
311.73504667957286
293.9495621612658
450.37046005045505
384.4996129298335
246.22403268840287
315.46839477054993
289.93132838380154
320.67410590902796
283.70656992296443
332.7210770318894
214.54299618821474
310.1524000873017
353.5472988190816
240.10271808560705
312.2005169005828
271.19863539629654
328.74055085159085
380.79686136462874
270.63689982287843
363.39214052817243
393.86044583351094
347.3423278965678
275.98238186336505
204.3152352008871
358.8975337105325
327.8111381026926
265.9280402334537
415.5261031596451
377.91968369014006
347.08925897754006
351.10979933106273
406.4765995520319
235.55116988935114
395.471234826331
285.88269335227676
323.36726794357975
178.61940795200965
328.8993194090853
399.18856613027083
365.6412331585157
390.1701023840064
285.0798810324089
380.38170168036794
271.6386055924886
344.2482357921997
326.93762823257833
179.18467143383063
394.2839822203141
253.2659729859267
297.0118190370374
224.64302743779518
317.9158006685002
226.6223825495924
147.17407667705834
332.40735998558796
399.0026984569642
290.4049226102627
282.2707363353344
398.04188578107755
406.10206765581836
199.28831458676066
346.0878851855997
392.4818870824594
337.93554320140356
379.103181972995
364.42653983769026
459.3291692815288
277.99932126702186
316.57069334766595
454.33397658277505
193.18897082815627
202.70430058427277
246.96207256793608
447.250899529446
249.16650139691782
321.52423590099113
355.71119870249464
248.28027827853512
297.25255079439955
283.896446073995
292.3606939115194
334.59975358501885
265.39082942283426
274.80608881312867
268.4063903197557
445.14219007195055
295.3055297249363
252.26931673313476
415.3295200312035
414.4411028668389
217.27273383420066
320.2692354986368
458.4796228169242
218.35093560768095
276.1933506546062
190.15262880730268
526.7307439274435
283.5140927524415
214.1895801404934
178.85233577754786
354.58346777008813
347.7990091739689
284.94934670205276
366.99462981633206
435.6287990432301
178.05655384085213
311.9496327664565
416.5297643034855
263.8417681093805
317.14054011022256
309.40609267448883
209.7995751031894
321.4285621283828
400.21207429399294
363.6368695719155
262.0888912865989
338.00672489533395
266.05503974438125
293.578032552196
218.31989739838406
175.40051283295807
371.05185099029745
243.75491333659312
334.25575043093573
363.3344410806857
334.4754094278456
412.5073246725636
237.6998264824567
358.661253331874
277.33978550160924
331.25532417750225
342.37317091560544
274.639314688539
379.8546160510407
276.58433028452924
376.19710903626424
411.3848245030338
293.9385974502605
330.8257731013461
276.27608720000956
293.5478854124113
323.87387911123636
327.67873139412774
262.11940547744155
328.1738176699469
263.64265577640015
385.0950662773247
356.8044959873398
296.1016337355291
218.23893453842697
352.30389845304717
380.1479427737848
272.9330408757682
380.94326527629306
320.61434241758053
281.2785960076884
296.1652549391532
289.6747596391225
294.61776905781466
415.57692848079824
200.62476338938512
328.0008278403566
383.9018129909986
309.1748469160078
288.1010675933897
296.22834310607425
298.47289603940226
258.07105938248515
253.4195659222091
472.32586469918243
249.44524527876322
240.45705481056376
250.9676590823264
252.588886012546
376.6140229663202
315.34162907915925
194.30090759081526
375.92793294527667
393.4826118066834
315.91334429827384
347.155677252983
255.1386425066695
310.192953722966
264.09730245609137
299.0650480541178
413.12102300325694
481.19010243435383
267.5157128677499
335.1815249394044
214.15742401892572
293.56519224283875
366.33089579638823
454.87440461971687
304.0494532651846
309.61910127287024
306.0904614050998
307.5098290050848
357.95842201047526
237.66603604926468
453.81578620309904
352.9039277434947
271.4434893151699
230.05842765433002
340.8068274497515
261.38657763280906
244.19352589504484
352.1471648650056
440.5803143765583
298.85222141945616
303.8523451268442
287.7787935366696
422.16111512930894
236.7269523589631
383.6117301405112
355.12638046150477
216.65062097645867
319.00533062143774
388.07906534764675
369.8993669113009
451.590752350781
489.0435183661208
272.16402288150636
199.42162168107646
334.90903914948905
392.77388791522213
262.57841459227114
270.68248535372226
242.20853007356757
214.71541987307774
287.02111420361916
265.0815930377464
134.86121813919493
477.07134307159083
489.6728069753938
401.2028241998221
353.21324270793497
342.97337459579484
401.21040764361607
350.50353475070415
271.1790342893546
465.45759089004065
267.54237109354347
316.61613352983585
318.1655776752915
273.0602187805897
225.59424232144377
357.8334913208946
290.6997032945674
186.26872676159314
236.9528214110133
225.97190256793746
436.22202946954155
172.31591562726197
279.8008673014514
239.24414377255442
493.0118194719626
355.09583662313156
264.7710539321295
366.72923173598457
336.4206045643896
255.99516460017674
211.91826199618714
366.25042769795186
229.70827461607382
367.4844544792875
339.65360585368313
357.0092574455023
395.8666006492118
272.55627969450336
238.8099803929476
401.67708715472025
249.04848540354214
324.61407861791486
345.0224350218116
349.97876045133756
280.3180508447036
220.51400425678767
225.22639066259947
303.47307653272344
285.4440415227382
380.4502086684548
288.4326907302048
316.34664500006335
328.2413591367231
218.18612838184077
433.70720641910526
324.5594829886286
321.2082532474725
467.0182102542613
215.28899276514363
333.20248395071945
427.45064180137706
305.72406202443455
398.952314510865
482.6223504941811
411.94783853491987
391.0392732145596
423.3600887155344
394.53099807793774
313.4546054720939
208.67975004584474
294.842093059778
298.0316425274413
345.6578653817021
408.3201426678568
340.27145859052297
449.76127107180486
322.6005759859103
245.8141619663789
467.5588705079883
328.6845683413073
373.2660486614719
278.99213947806936
339.8061647261576
252.4382022506247
390.66508941747287
235.05243523394498
302.2713617732381
238.8365209127697
370.4281341101782
334.58249034750327
361.65672079321155
297.04580607983485
335.4611833512074
292.40517257900694
174.1346354894405
241.96502022808355
431.88103699268424
309.663950967828
263.1515418833658
300.96621119131385
238.85749216024527
333.51619144828237
278.0743356933234
340.7345754983385
363.9831624315076
326.8597542395933
241.50261644853327
218.38022602478404
382.41697009760975
391.45238596021284
412.66259136948423
359.410503267429
346.0190972056285
399.21896967420315
260.76964190322104
310.83549977342307
391.7320731333097
285.57602663045645
252.33762683276314
362.128780991949
231.1761508678257
424.08588038902974
225.89078719718216
395.6766078677006
292.35629990326953
223.64328687314872
321.02340016846824
318.5354937006009
426.31383032667975
206.0681136379736
422.197210879176
237.5712786366145
397.4458618024718
246.81011171357534
318.96928433846
355.16167634314814
355.6330697912187
203.46549359478607
319.60435129140217
232.10315353244593
311.126390973311
317.3797927884639
315.53905626920846
404.0284069952277
205.74210554328118
371.44125727921363
286.0924749091802
439.4537518052653
380.8238841454705
385.6374254817383
210.312668779557
527.887487002036
248.34267276690443
278.25842697541873
281.42196432515726
229.9723187539522
258.1451925344296
440.95166549959595
340.7014140323871
305.2597354570249
498.1902611281623
294.9933060001309
431.2155694830555
378.8754895834996
242.24950859852856
232.59290160242907
308.318604486644
260.78870433507933
432.2223288724015
167.26663138899292
368.56495917072186
249.3955053026757
370.6007471462865
375.1735898492955
313.9551800258392
313.3328965589077
394.47104190918867
253.7522930733247
170.065683323677
342.9937706890641
235.08862939649578
189.8824252159508
287.6999778071107
407.5103289975321
326.3439189754965
353.00543902711655
132.57162465550596
231.94265332000913
294.11655425172944
322.64547853577005
244.21496626301564
214.8782736286397
279.49669333039805
310.66361478960727
282.1823740868939
321.53802636640745
348.01494351611285
270.7198131505306
412.29515284988923
256.80721423277913
392.8298564473371
299.4321666978767
236.97681263837922
343.33414790667734
178.6199858125677
279.07230740762424
389.50445348216755
270.14522511700073
196.66381558955047
303.6879307548591
451.05280581010027
389.0862086680557
274.88604785589837
213.42795134105737
287.3338093184211
306.64689704486665
240.49432698775846
384.16873349444955
171.7160279008729
454.1766929512488
430.4255667513155
276.6840037090922
451.3827418515027
276.5402231686256
211.17869003510074
426.74899562646505
172.5134395511434
265.714650339058
220.14658450492095
433.29593883991674
226.44175297820655
460.12294315551577
326.1626916183203
380.978726088847
281.0461908031372
283.86574720330367
411.7353171348522
393.45604590220705
224.89305009714218
298.3472804584621
348.46997119936856
226.7709769659606
347.362046340573
296.2524189541665
412.84442691274705
441.950044416654
332.0918638930505
304.6976888599076
349.4577981972658
266.18479525348994
377.9038486560373
358.66767184932337
373.71126621130117
195.4965030020924
358.2018997711312
223.3757964296353
303.6353755932239
218.35403041874474
145.88555157731415
277.9350429837622
276.2544089083126
264.1806301803157
448.23335856698895
466.62734416854414
299.20388934402695
341.59618042724804
386.67261368449243
260.3721506137049
356.7694107819413
329.25884209859316
226.9504528151906
241.37120656516154
167.20125872656592
454.1562792499575
372.2002574993787
362.6442260554046
288.1397011019673
364.8273982836496
406.9772643463021
509.42345533440215
401.4294682848088
207.70592071150986
353.20069461787784
317.15853412797264
298.71371398235976
451.3684675207914
297.29440694621127
306.07362033529165
285.6001751953513
463.3781607501881
183.76634871775678
397.3961427949882
309.00368908977316
327.17878394158527
256.5707457908462
317.40947437795035
194.826728445233
435.93636546700344
313.06001909727337
304.89652202478163
221.1850897794585
284.4785155101622
364.3148825354602
374.6851133157571
357.27626734670866
344.5662547013176
359.4136265797135
356.810416155169
341.156106494165
298.7756706387726
406.8595259514438
239.32815835263816
180.75151631509937
278.6562810473656
190.8218188281437
299.8739506510138
406.81435353061306
209.35268123474827
312.760253679212
362.8316613687117
312.9300729869383
425.0456014469816
475.4137747189592
417.0511683606615
291.9342267671095
369.68270903016594
424.96962548839105
290.3057255324297
308.4107015835581
233.09861193318025
330.3325836478349
330.338231522012
276.65389567586186
348.12891669152253
342.99429242980443
187.86343677952337
327.0255631378289
308.5889695692831
383.3917205006788
336.3161682754795
372.5448804414727
297.29015927141677
186.56529712307062
340.89034405472
267.0012435313844
324.2042173413608
195.64121937566574
302.1976990022812
240.9297582090634
246.7800932379692
253.285709457625
343.1993124294505
313.25476729406626
312.9112480425194
173.38702873925678
299.0431703000804
330.5213551180446
279.8707419287492
267.4957337443858
350.9993722222205
312.17393183890886
405.2873238086532
371.0097029884091
363.6899772871697
355.20835571217754
423.11402759094113
330.35703844056445
362.66718530299926
405.43658820521705
192.219961340923
294.1010848684314
249.93074373531567
193.87418825356616
511.2039898371108
265.1949832584388
161.41533312161877
402.85980180494164
455.218154630063
306.7346010957332
300.402209007181
228.84707530561738
425.42249116260376
295.79078294033786
253.7275415064335
231.97738658254204
252.2431146016243
216.4763727863787
301.02855336322847
360.7132332876784
387.80179002107565
453.7786752554967
247.38399242305707
282.488956811031
315.5095741538878
297.48659329728144
349.249683850661
136.66279408470388
460.7980525546284
342.6921650989804
302.4489760492093
249.81292029227987
240.2625490803985
353.35902653797405
292.8680711633763
295.68470947867695
215.02248476968057
340.3288872719348
389.52423595571
228.16606196443712
345.07751771577153
246.5456911657109
354.8411235578296
238.93109715290953
349.2825834526345
222.63754968207377
329.56793095532765
369.3917587323497
230.14085662694458
298.8633188232479
290.0017508424252
295.4480199107036
370.12651568917596
356.2052183532905
310.77101000028864
375.2561224564089
323.66130068436064
330.0792261834519
254.12905682521688
330.1608003090073
152.474444075115
216.7026070447076
166.7986865566111
250.3461550399196
217.0282374575813
334.8866810217063
220.27475299238444
438.73003657823267
158.57089798616505
450.54437172756224
259.6225189656125
388.39781684360304
368.46043068046345
206.28552169985824
254.7626922230096
502.7069618122365
338.5301197399862
265.1591653761863
446.37684697239285
450.06973297270844
270.1748218006637
357.1350282163764
239.3753557102809
265.4757966133666
274.4680465588428
345.89178688472197
288.64878785257315
299.0920193713066
212.0494445748146
284.6709719115865
340.88069716460257
363.9497752093898
132.52149092801193
458.65698545382196
387.2130141275629
365.38572280567735
258.3508938224919
458.6786979790522
331.6397411810347
304.57443185305897
257.6057499962919
224.39664320229232
339.22405141566844
242.83131343374293
214.89127146555217
264.424667899094
416.205122473474
200.71407812817188
370.423035973952
381.254155200739
272.9439980373843
270.0656762581377
252.88647684963473
444.26982491014917
426.3731331104199
247.81027574507377
349.9262460717914
216.9068734482195
265.91261574516795
228.58942246807504
277.40868009853574
349.8706497496898
356.5922119054559
242.66431907005054
146.95228453802557
300.56085281348857
243.4173910400011
424.65295722069885
441.9215969150009
446.89191647537984
321.5693465248849
327.3775335323384
479.77306935621044
285.4920301202392
301.01313392963533
208.17983597627386
342.01319012555655
147.48661045927574
370.2951936590747
171.85924446464114
300.15129942254623
344.41660721264657
218.57077428652707
351.55929888897106
315.85175234187614
223.22848228148283
337.5028474781057
261.1589616768449
379.91266895909337
296.38548403503404
324.14886630760196
314.37859899612255
400.666809250014
420.704990379624
348.82747707760313
359.0740384686578
339.6630923543211
242.63558023985615
352.15444098866055
296.8355863026453
292.9740722880431
254.65799252780963
345.8190668236483
244.20189673253248
179.1791698908341
244.59152111431425
220.48490896226173
291.88069745691
335.7919369497367
272.52801034099497
413.1077087091663
144.24819326308426
144.75612475243352
196.2916727277815
409.7841906713086
350.2046947534304
333.89523436380875
271.98813524659886
264.21824995803644
376.71221401270606
298.28926964407947
484.3037722304632
303.90345514368886
189.26183916876806
310.4150551180043
343.7728190042555
298.35999826958806
401.6319863904797
315.20028577308227
277.1198581644822
409.73367657810894
381.43182434535095
328.5020295471627
312.58335382498484
174.17991973821847
395.38056215837867
335.12736063051676
337.97641241274164
318.6755915704536
352.96528559738135
348.5833451581453
315.2115077403489
339.07909107855414
371.72219753406137
306.7082651587062
300.67785474369293
320.8249470205494
159.75301624086876
294.60718607495613
344.8733959723293
286.7161846865961
336.63570790798383
382.5676969423104
328.27881659424554
325.0181820422221
353.14441641563945
370.05523327134824
298.18597615534827
376.5781840161398
396.7304100816893
315.3422895815829
211.90969216089826
349.03232979736043
387.43048696043365
234.47694018420196
330.6445612539628
343.57460999835024
258.0889365731864
361.478732495767
231.41117122248605
360.6979274558395
250.56478427442914
297.92135885192147
217.67974805656706
217.8866392031775
198.16184240011486
380.8547389185809
260.3162141359875
208.7118960143203
352.1108285527383
434.53327870714924
355.5316395634264
239.98112916408078
312.89812159234185
307.57543100900716
347.3089767449954
309.61850174620724
518.8404112714745
282.36523374563757
242.86816078156622
270.02649977496725
294.56036509995243
287.10881338035057
225.02310159972978
266.1483346007535
227.9178803520581
207.2885820074577
268.56980169672624
411.0400002061441
338.38568241749107
418.3346425544623
247.74922690892157
287.4639313993484
226.47501606192773
361.10849471950957
279.6764093294363
233.2647153651419
284.61591208026573
278.1606337356997
289.3192430835943
395.1037627195263
248.186769877695
225.40349201165122
346.89296234360705
368.51040916977774
242.6571550931493
150.56037523205026
318.8292905722308
464.36074279109226
238.6696641501453
370.95256871059996
385.9789290025877
160.74440056934603
254.97028860427363
299.1502051612164
391.5254925042583
320.87428815624617
82.6463020294395
331.60082789482294
302.5793708292477
256.5993548458419
346.47920575807524
253.35094269566918
302.31099195520585
284.33599501036775
230.58227850082875
296.8966262194397
337.69767324339085
332.53814164514785
346.080906143874
372.53190497632755
350.6522336532484
370.29317000740264
230.26837513265252
283.9105624134401
318.7037246939634
145.82131763645287
332.79755638266033
403.1931068747632
264.7750526504127
267.5669743165875
295.9797364553089
186.44573964710708
253.76871175664976
339.0320515931256
280.0576375001726
464.2625178619054
272.9452008543041
288.075122751882
260.4105342185263
225.23857148970504
125.49822346297591
119.87512511314117
263.83932046046317
253.56621295131694
334.97851718003614
244.38085553218124
284.64314960970273
168.10730115499328
282.93328638970064
285.7561071248505
376.9002915613178
