0.9252655204637843
0.9237685622710385
0.9409068181827781
0.9254133571405596
0.9294443524274687
0.9254678670431645
0.9192930772369141
0.9442762708918053
0.9257025703012891
0.922542934360651
0.9402653593491904
0.9371825456656769
0.9346798385964862
0.9277240598783469
0.9368328553357703
0.9234303489093821
0.9350074931473913
0.9205090118551481
0.9408161903821955
0.9200961496680656
0.9520306988315742
0.9344435713190318
0.9480632078416306
0.9469574202182736
0.9172031454579611
0.9334702966770154
0.9262349412959741
0.9491408635006348
0.9134643986838648
0.9335821522345192
0.9334874940805735
0.9378826494867487
0.9335248203361214
0.9103294785234599
0.9551402135331293
0.9294569474107939
0.9338751997632988
0.9320463492783202
0.9243839615337747
0.9124096869288562
0.939909231353435
0.9312515400973508
0.9291631059303999
0.9318753602461323
0.9334251120605027
0.9167059119118178
0.9329876623369948
0.9203482643168365
0.9366742463636955
0.9526030836953161
0.9340316892448962
0.9210178983598505
0.9448841582495805
0.9292295911738658
0.9356193153618227
0.9156013374401971
0.9169471663163391
0.9406293864784653
0.9374062832165482
0.9375749158694661
0.9231409294543094
0.9212843811447949
0.9336250631913153
0.9530104616468175
0.9285942555769091
0.9263584815071995
0.9286853486262715
0.9507038591030316
0.9370537117314207
0.9388607173167525
0.9379597895586888
0.9350880186285151
0.9364572401178273
0.9324114467526001
0.9218535004734223
0.9318144145270781
0.9545787709208062
0.929722908334022
0.9367064699581069
0.9303878509381622
0.9433796055341479
0.9258551402677586
0.9329701507945259
0.9339046166343206
0.9137451629431804
0.9317431007893763
0.9319832908814595
0.933192585312305
0.9512932473683652
0.9370432761568185
0.9483200223857584
0.9431755383637624
0.9582867668669602
0.9442974241292301
0.927811228595816
0.9349126379152076
0.9541795655805602
0.9257210593922219
0.9588665324237573
0.9444956057107838
0.9244898643246956
0.9634537927827616
0.9292013111473489
0.9242061331580623
0.8909050139601465
0.928089478556786
0.9387982422229696
0.9579462223997202
0.9444623914169117
0.9443809058318438
0.9500544735432097
0.9246659721219322
0.9419987814995903
0.9310635712239651
0.9447871771431523
0.9314208632197115
0.9145123741142452
0.9365384398947635
0.9318588625602169
0.9446425153949656
0.929754729606291
0.9289961787564276
0.9418544960101375
0.9383648224683524
0.9234029659798735
0.9445001411675875
0.928600641703843
0.9406016153940447
0.9134936447570386
0.9452641088752634
0.9546608853458021
0.9359337133612659
0.9379902339004559
0.9177606005727862
0.9578600449787371
0.926778626866933
0.9427164750044368
0.917741454182571
0.9314028259144688
0.937893218787279
0.9315166541358111
0.9561576296074955
0.8950780819252637
0.9432806924222104
0.9271811989949753
0.9290641573737168
0.9391205074233742
0.9377600784123898
0.905726450189844
0.9351815383554116
0.9447276148238196
0.9333546458248507
0.9318656001102581
0.9289814938525972
0.9304093437699794
0.9433746639532091
0.9203908603914628
0.9339551498114343
0.9206231172760295
0.9366592848165287
0.9621833269149954
0.9262994631687756
0.9193373294225499
0.92346972238307
0.9368132350069248
0.9269677713937542
0.9231695528013438
0.9376363146434893
0.9420585442472433
0.9359398837710858
0.9335870029470567
0.9409979665661151
0.9410907505719553
0.9339243821335457
0.9406553796914926
0.9203830873843197
0.9327841889428534
0.9085239419749026
0.9201779057226521
0.9342936492725467
0.9225345185775508
0.9432900031147409
0.9229545920097437
0.9149949853451333
0.941487329864505
0.9300053084066612
0.9100381924827634
0.9196941855046957
0.9348329909531683
0.9446328208288829
0.9148790868142014
0.9295606281711551
0.9605241896475329
0.9298394871000759
0.9391081761808435
0.933492329728695
0.9287500531995739
0.9214545542237181
0.9297762244099937
0.9338148526193092
0.923188087452887
0.9436349586881668
0.9308682967911341
0.9251743340590267
0.9459082200479516
0.934711734724488
0.932567577857952
0.9492538523980264
0.9321801496113294
0.9309344361964627
0.9335995925090643
0.9275450447998415
0.9311321040870024
0.9317175804798463
0.9405378212468122
0.9421474169640469
0.9258627527702563
0.9245859199079263
0.9429166281924626
0.9395439058458612
0.9336148954363171
0.9563889290886174
0.9252744054284896
0.9327667124452226
0.9350495327976379
0.9324698123658066
0.9335838168646404
0.944578160353471
0.9066185733321664
0.9349940412457347
0.943606492931048
0.9237735911518531
0.9278006772381208
0.938270469572285
0.9362121735916479
0.907865436228954
0.9104953871629817
0.9544129473849502
0.9366784630594284
0.9320500984828963
0.9140517713368974
0.918136497266209
0.9452352946139214
0.9241276404050364
0.9149567858010279
0.9326813323168242
0.9469886881523383
0.9241413755432091
0.9447649958035057
0.9344985695455313
0.938642851209311
0.9076219676648605
0.9682527323335813
0.9124750473070012
0.9540070813887366
0.9410040853969767
0.9240630106256811
0.9299853750903733
0.9426858592059787
0.9368063242540359
0.9332848467375517
0.9279029394161248
0.9280454855881373
0.9389226861751635
0.9325727787901616
0.928648231176215
0.9181556311675008
0.9329110349690396
0.9464739327209021
0.927773309858838
0.9297262107881034
0.9336019887109921
0.9144470220728014
0.937658734840691
0.9316970372598291
0.9330413511691442
0.9376310360507775
0.9426476747666983
0.9429373448612448
0.9324969897520643
0.9397619216538756
0.9411908413370353
0.9396525930964954
0.9226718315128202
0.953615987873875
0.9329253278727835
0.9220308335417838
0.9196769945693681
0.9497573364722065
0.936280169654241
0.9215620904194349
0.9432230419869047
0.9223300946363707
0.9246073556702107
0.9297800104552765
0.9515077472228333
0.9389472876650362
0.9353489543059645
0.9207287890836365
0.927189953501768
0.9426815695506987
0.9455990588690242
0.9441112262071135
0.9389605308771034
0.917589682672966
0.945827462138021
0.928072846099248
0.9273393610867722
0.9537186859006171
0.9280184106366673
0.9213129365829451
0.9203542629603126
0.93448573867365
0.9300412120329331
0.9283209793911783
0.9443652590915697
0.9322177523483601
0.9022320690202628
0.9183141074133054
0.9414857208585254
0.9406045485063763
0.9468908562981626
0.9338223519093081
0.9244092239844407
0.9114963506054402
0.929702397669816
0.9208180593446323
0.9330040072182478
0.9254582894957517
0.9311996162783158
0.9538493451084659
0.9337163143833976
0.9349107630699627
0.9257568573825052
0.9349196016059707
0.9471833088390686
0.9476358681171707
0.9333890852245104
0.922915158619834
0.9247258012042154
0.939896155249057
0.914054578722455
0.9404173803669832
0.9226659110607215
0.9366323449390508
0.9398160939079372
0.948402004376297
0.9189211027331958
0.9456506053032544
0.9160829124809061
0.9192849698014888
0.9541699290257525
0.9191623268870556
0.9397795526538836
0.9279044463589179
0.9454841678936461
0.9633971856932686
0.9262473825012641
0.9355005434937897
0.9490895149901147
0.9452698814561588
0.9307558568767806
0.950120459762493
0.926973285697211
0.941180813165244
0.9296253249171952
0.9363882255445765
0.9317123271144596
0.9315362085131935
0.91942555367255
0.9223698498800125
0.9253847112774404
0.9413588510576278
0.9411380810801118
0.9387939110180261
0.9407710527158054
0.9181061219535476
0.9575901497625703
0.9280049450355092
0.9554098789977912
0.9221349675327133
0.9358490969537567
0.9134790708265147
0.9198804781439035
0.932335050313308
0.9312580817006801
0.9102910806100234
0.9213419424595559
0.9320652994280227
0.9291515301055556
0.9391865585110942
0.9315287591089656
0.9257285669223776
0.9162350084139818
0.9199558352267648
0.9262914553331631
0.9321379397999443
0.9303327511358905
0.9312887461737828
0.9233211093141801
0.9287339081019707
0.9363255023166412
0.9393112779349452
0.9513242677828326
0.9416257126767585
0.9357276932408573
0.9301039405325426
0.9326296335777815
0.9482627725088353
0.9212120306121664
0.922592914130317
0.9352154922535001
0.94293907794879
0.9312474810434365
0.9357822244927967
0.9331806520227761
0.9199337492044882
0.9244045809715351
0.9479176987333017
0.9166956468482392
0.9188271659850711
0.9201252980328987
0.938526346872863
0.9281611716486514
0.9187328820839613
0.9566638165219952
0.9387226401582544
0.9362070278605964
0.9307642793231604
0.9569083468918473
0.9197912035625885
0.9321921001434164
0.9279619583997791
0.9443667394622111
0.9545274548504047
0.9307605974111093
0.9145502888512896
0.91909145419134
0.9164250480847023
0.92294681261203
0.9266431854166928
0.9238861118919127
0.9439908608617462
0.9373553856046459
0.9407501910522424
0.9495673223862675
0.9422824174702502
0.9333655648180164
0.9314642950327837
0.9095854229520206
0.9430462174413993
0.9267204373422527
0.9268055027881206
0.9301600415818441
0.9441711726870878
0.9268800698565973
0.9531927047040673
0.9530521084397547
0.935238141811487
0.9500160840465925
0.9487015336069112
0.9427360185396746
0.9434843003756371
0.9055318965143838
0.928112729584516
0.931190518600248
0.9250199444935119
0.9349260790654259
0.9127980963232656
0.9222834068183633
0.927883032245886
0.9143894335578889
0.9444373769763591
0.9346632292769465
0.9318152282167455
0.9388172256016932
0.9386758392007846
0.9085979409516163
0.9344510084420034
0.9328081535056172
0.9230761125101916
0.9319548795238705
0.9592526013178584
0.9281840238703121
0.9511264786737661
0.9154031724234203
0.9133109659277117
0.9317703699567644
0.9381142505349549
0.943795697217907
0.9209200432561196
0.9153652222959657
0.9491754614985564
0.9215965033423839
0.9490103365565111
0.9195112640944594
0.9288663986948025
0.9476961601665629
0.9344067068599924
0.9412456869308561
0.9179807726912242
0.9325549097907486
0.9166434261099474
0.9128126744179595
0.9232363083927165
0.9521338213620555
0.9567991495304645
0.9168018277218476
0.9481732360198782
0.945401178272865
0.9617034595914119
0.9148366693573887
0.907066265600406
0.9342158629688171
0.9506892327479664
0.9347324215589004
0.9217832942288664
0.9304626048100787
0.9541849114018847
0.9314503636426565
0.9260945851391531
0.9178884598773163
0.9513102924880058
0.9178396828326982
0.9421639239352912
0.9235076263328863
0.9452255427928666
0.9227092123612891
0.9731679029673231
0.9189199128809894
0.9512164691497662
0.9234157624351866
0.9521347134661766
0.9419845104313942
0.9370337136253315
0.9413563166344777
0.9315181420200996
0.9252876016436419
0.9272580671493237
0.9372135576924527
0.9157219064590154
0.9207442330703166
0.9380420362302728
0.9433437676407161
0.9399617577585839
0.9323904509871873
0.9271264297438225
0.9198372009034232
0.9378986074118664
0.9159731576572052
0.9467596310747413
0.9119062189491647
0.9226662459439499
0.9293163898969475
0.9289308623671267
0.934494145830489
0.930172544734252
0.8939722735027887
0.9214685698395014
0.9504063515481823
0.9326915588333092
0.9325421740473196
0.9309630423157383
0.9182429109287569
0.9489961534509916
0.9406758952005131
0.9408388476120011
0.9481872268313919
0.9216104943901573
0.9154108101545856
0.9359100869473795
0.926088667817297
0.9342244780729938
0.948340555534636
0.9455523904564048
0.9465845195016583
0.9343499839310363
0.9402999776071284
0.9419479240152957
0.9359866448003891
0.9246634951678324
0.9307049319013462
0.9390193963912046
0.9407082628826572
0.9603194677775071
0.9298655664364021
0.9354679175956959
0.9216455119314945
0.9520937551067556
0.9329637286278007
0.9428403162480411
0.921564804003466
0.933973551638031
0.932260568626511
0.919192699710091
0.9123677690463364
0.943288640532932
0.9427855379943675
0.9281606823159922
0.9234182196817724
0.9301278585305117
0.9547093698052328
0.9331310878467334
0.9084583429165327
0.9418957172253085
0.9394899698979997
0.9511477010554497
0.925094989191477
0.9484310309077016
0.9299945869720857
0.9382700311549793
0.9183350444369335
0.9276953319463441
0.9227946105504803
0.9277327638932091
0.9397619751300111
0.9128128179138686
0.9446174256434061
0.9413801254415015
0.9439751611608349
0.927073692275486
0.9546797354402983
0.9447203688820415
0.9424445354910836
0.9437388964334102
0.9401510881128555
0.9415754155059141
0.9305357297832936
0.9308245172834397
0.936544747220627
0.9328867087657948
0.917610376438299
0.9268773186453619
0.9434634027634576
0.9236159634987573
0.9294423593945103
0.9411323337114805
0.9269648590107031
0.9366343748858995
0.9275558061582813
0.9310282381579661
0.9335657841235808
0.9572890807250319
0.9194058527167115
0.9471705618286017
0.9276536121368782
0.9282175177463305
0.9243636641549887
0.9200542960405098
0.9547636185265087
0.9298950358994854
0.9411273600408733
0.9209147563643796
0.9095590528067836
0.9144728202399761
0.9217454839481992
0.9267216931159672
0.9437651028065651
0.9190767698086695
0.9210098549398081
0.9390166053737978
0.9311562608550675
0.9223980191617949
0.9324920464003974
0.9435902690170341
0.9347787807059742
0.9356385812303051
0.9458270749949332
0.9272528615385754
0.9400135245433479
0.9267950572194429
0.9178588402392699
0.935019859114429
0.936840378688562
0.9098504496711056
0.9168428802549696
0.9508476500538682
0.924116535633204
0.9264058092992721
0.9352820576727544
0.9348967143226026
0.9223507695947383
0.9282880500977059
0.917607505743133
0.938938348662066
0.9165588473897172
0.9250899897285174
0.938426385249739
0.9347598964102801
0.9393185190309519
0.9316988657717333
0.9425568572159856
0.9284518612900736
0.9439244761236455
0.9389397447960529
0.9105944609116242
0.9617939328278051
0.954633789778605
0.9219199354332224
0.9234545160393964
0.9323327845987378
0.9467168833423794
0.9254010612351896
0.9200060681703222
0.9071191549891988
0.9305261613661252
0.9428253297792797
0.9440888864699505
0.932049869394182
0.9253771896098792
0.9489850735382995
0.9344168529975424
0.9218894134064584
0.9215238894902315
0.9549149334094484
0.9356641604615665
0.9175948820454947
0.9465723883519636
0.9397832462199034
0.9158078216991107
0.9199623826976575
0.9294938831841099
0.9486588373586285
0.9408638930728527
0.9343778134035517
0.9480128894878109
0.926048905261291
0.9328937943973111
0.9187554850509447
0.9216037811095766
0.9275932853012739
0.9444089282111295
0.9221494759522512
0.9382757484970694
0.9109112019374933
0.966748942667645
0.9226727241093708
0.9351170515761029
0.9261286817387208
0.946734969131124
0.9217221532410842
0.916515631754164
0.9191455110222583
0.936063104178354
0.9354740042717953
0.9226400521548621
0.9525066175746603
0.9499320601396369
0.9361156304592874
0.9358907902004348
0.930021409087101
0.9199338205992548
0.922184840561717
0.9409385456967627
0.9242650240366985
0.9499775634291218
0.9148299377066729
0.9242027103398799
0.9331142128442373
0.9339576859450243
0.9238907981458268
0.9236807701836046
0.9392753683348419
0.9422164351493362
0.9400555730866902
0.9514162469053854
0.940156968667003
0.9227705916895801
0.9488399104233846
0.9225925650466672
0.9425092581547101
0.9472370751862105
0.9137205497058943
0.925446499020559
0.9383577552257788
0.9177750204787011
0.9413290573968105
0.9385572497664638
0.9293246850694998
0.914046908195154
0.9285516712581343
0.9462900364760366
0.9632474559475488
0.9281198064963332
0.9199931769607981
0.9302676042803565
0.9354271382160754
0.9219015970697866
0.935888379829121
0.9198019685648748
0.9448467359616666
0.9148110379045004
0.9152182733274896
0.9342475995128992
0.9087167460785489
0.946118860695471
0.9499140508850995
0.9495742502376106
0.924004994244359
0.9284496605748213
0.9463676145080931
0.9510407748251729
0.9319095579508759
0.928365301600044
0.9212072765840947
0.9124990030993402
0.9511294520931011
0.9152640945398878
0.9400106925164643
0.9355865235829262
0.9115540536915115
0.9340647285767442
0.9176033866549268
0.9571999653843328
0.9486404412613973
0.9364277206317337
0.949803725469464
0.9421573934589486
0.9436052679389497
0.9426875902570332
0.9590783467307784
0.9405856869556937
0.9154861895237305
0.944261094604535
0.9435177867825623
0.9196878578574744
0.9476535719230874
0.9282117589424621
0.938006883935946
0.9192710890080332
0.9270484923655069
0.9547446261342443
0.9291594546112821
0.9384691000113692
0.9210440585451992
0.908814756319084
0.9405373907644815
0.924011451552646
0.9379572345715915
0.9374949089170661
0.9145561534795544
0.9267110228379862
0.9431027413253619
0.9474005050908023
0.9140601508691096
0.9233340172959901
0.9310821913014635
0.9319688522808672
0.9330587934109228
0.9439090869223266
0.9363357791044767
0.9264800361616893
0.9278849080911887
0.9365293541700654
0.9294039637252274
0.9373159687446158
0.9316746998032228
0.9407663013035271
0.9441018695541146
0.9495615575692297
0.9395406241523986
0.9356415064327775
0.9251632149126697
0.9363698558216045
0.939925565151948
0.941116786203365
0.936399238861229
0.9232908713445551
0.9296780391773709
0.912122885995356
0.9549522344272627
0.9523988617495835
0.9269082734258616
0.957415383179504
0.9291007770895552
0.909599115262865
0.9307551893872306
0.9305123873878819
0.9214770736776108
0.959695004277107
0.9247718794869068
0.9559555084792193
0.9210547015203311
0.941333441097174
0.9403363368716877
0.9547798459675618
0.9310878989392617
0.9476070034594377
0.9338247200657466
0.9251703296620766
0.9289564740512078
0.9416632135003713
0.9470534334297762
0.9363143045459915
0.9536079212196119
0.9567645055713456
0.9215956570584699
0.9201792049305427
0.9371546368607363
0.9459698986174878
0.9370964210136051
0.9265798640985959
0.9528097477133872
0.931956550361415
0.9402930505442645
0.9099352134734968
0.9096050193386089
0.9241620843587879
0.9299608719197134
0.9206194957950855
0.9366737723200241
0.9154287144747423
0.9152935819228428
0.9358156328713952
0.9286243251827634
0.948899697994888
0.929987643685436
0.9241796428495161
0.9221180771167572
0.9497472852080517
0.9298376491076441
0.9126904729056915
0.9440511728212384
0.9582253022626758
0.9211470080019583
0.925800767952489
0.9347161665474967
0.9513086387680517
0.940301018548998
0.9488210318887758
0.9155080756872783
0.9216904668192442
0.9356961719040537
0.9308056614338666
0.9258638993591752
0.9281376077925211
0.9253303505421596
0.9216265263603253
0.9301761836708433
0.915070266343713
0.92091930210478
0.9312030120340108
0.9243281794996098
0.9202181072371538
0.8917085292546978
0.9454252783179596
0.9397391529261934
0.9336522017089551
0.9344244821664136
0.938829185779191
0.9183058250228889
0.9116662065831855
0.9471937673804205
0.9366800717042567
0.934398555214971
0.9225517159431126
0.9169310403071416
0.9276849634767983
0.9342571934227334
0.9591026262266501
0.9319186083039255
0.9360047522675743
0.928519050828418
0.9194291936845601
0.9222809580662041
0.9421762096696843
0.9347740358953993
0.9438897338074729
0.9387043015881913
0.9454096249244929
0.9389327808394999
0.9165645029397883
0.9413604343249101
0.9482681380524205
0.9086083064710434
0.9362604024342123
0.9327050766472533
0.9328558179172246
0.9557947403047221
0.9363525106502248
0.9204297758696596
0.9057542862816843
0.9385378506813584
0.9283014099109238
0.9400328553197669
0.9458412876199186
0.915935803647679
0.9343769188393888
0.9173839943088473
0.9108316924737242
0.9182701514692615
0.9145602772954812
0.9243190312929745
0.9329479457878198
0.9246726607201864
0.9494486696225508
0.9208497796216718
0.9496792706955582
0.9121619976389568
0.9465112381574803
