15.035417721071607
14.960937890337028
14.971887109057263
14.905681807867659
14.892581667883965
14.915495005010536
14.861072409242169
15.075525979454689
14.863157800735905
15.017666690245425
14.981087321179817
14.783996380269251
15.180027339922418
15.03036405082857
15.04593887512439
14.751397509582247
14.918724042115818
14.950969043420875
15.244846519358
14.813738760252736
15.003177007797358
15.103531324110241
15.056387684381617
15.278135805267382
14.816072981280753
14.904810924334203
15.019389469321013
15.042358151632856
14.801800020857183
15.07461019477738
14.998309600830368
15.072602983083135
15.036363356482617
14.759567368359313
15.308588196618894
15.05311359760142
14.987286556289508
15.202538624986845
14.932291862959916
14.685637596635559
14.970133709002585
14.916309140435972
14.86296501076697
14.811226065764593
15.014650425311054
14.856284496369776
15.175147803607944
14.783980841087219
14.956925739134158
15.108599297707611
14.93903811877228
15.075791224714694
15.201655170871815
15.0091557489539
15.01481123110996
14.839286852534762
15.081955073101307
15.06683829214814
14.804082184271532
15.074755105621783
14.796157694862274
14.931955926130197
15.013171800682333
15.080806837644017
14.907425121887186
14.981458498810378
14.836531508691577
15.047935330430146
15.080866338252806
14.895144922450383
15.019447587919306
15.017369211448932
14.984253239697335
14.920721679357825
14.918876484878442
15.038905270920663
15.133306570935058
14.98798007005766
14.895276908601911
15.001962920331227
15.183920647531043
14.945305641025753
14.869468544202064
15.112482484844536
15.165219054220644
14.91542909995612
14.896083223292171
15.00337164062711
15.109757963391143
15.027098955480346
15.106060564057849
15.064139172336366
15.164579481755556
15.169380191447257
14.777582723464876
15.034277466003434
15.223035666207117
15.093800068881201
14.952377974903765
15.176451682707235
15.011445641104626
15.345745980100217
14.842562659620837
14.904969516694463
14.744367541729863
14.945310752064225
15.082104543336975
15.303584976741782
15.0391840646108
15.183755406515065
15.10623321116237
14.969556656316536
14.95808323578113
14.955271596780737
14.953387271641338
15.029737978611733
14.840476748327983
15.03906569518584
14.972259893017037
15.182050913846055
14.909767432510003
15.031495814099948
15.0330562570198
15.153574120107928
14.958151349403494
15.08210943805372
14.957975575166222
15.091009559495092
14.898835158686747
15.054496656504163
15.200318662407517
14.96835765323776
15.048457371970867
15.03048915056965
15.254601519182515
14.987805016881241
15.128956484463673
15.252807354929672
14.774636466997363
14.941399414786517
14.870330589365617
15.155304401635803
14.696822877848549
14.981322388379791
14.860724184896084
14.873351549449254
14.91006436602199
15.019648687769973
14.884123993389192
14.9597201313
15.236629731605468
15.023332013841454
14.87548928521301
15.011240158302705
15.058370665116064
15.030724200308008
15.081701828737206
15.187931660150516
14.973233045752396
14.971928843501836
15.23405066224807
14.857496488771455
14.838612856887703
14.827107290669288
15.10315235003672
14.969764197771735
15.006896952612125
14.76950593666617
15.039335400561345
15.003403388943074
15.058954023126143
14.88734195428724
15.186793623292997
14.805990028802167
15.098228490178602
14.821267388268403
14.951847205020515
14.956431775730096
15.015363798987435
15.078076333413714
14.819729252183228
15.10819439752258
14.99217741260717
14.788379654957238
14.87462185605104
15.030176913564818
14.961558771859167
14.869617926682139
14.902992765291808
14.998462858477662
14.928174680260225
15.128913468729722
15.28678186501462
14.948705913881584
15.0184700386584
14.881780861370958
15.095202700176923
14.817249045819295
14.994978651754808
15.067791915430178
14.865102843569266
15.190938634147738
15.01502372991744
14.95868785813482
15.153363317086455
15.113850292085926
14.917733728023181
15.13743773942801
14.998056280055755
14.889244931515588
15.092488998171905
14.922833417774745
15.101987022573363
14.904575180863139
15.155729688691913
15.099223804312016
15.041835289972399
14.883777964996211
14.95381646230236
15.09057675144028
14.926205235517081
15.205072124435276
14.956034190137752
14.839328351884207
14.931530196553808
14.86341438343782
15.026869967904359
15.143521420216105
14.798927257028783
15.069927270516645
15.02099864795659
14.72834169849728
14.912384715835886
15.003559112286666
15.18168161422776
14.695150157608932
14.805512803593686
15.158814033100878
14.997981328692665
14.884302840780473
14.82320721558481
14.880434755790667
14.99297588586249
15.020037772726052
14.759800709331724
15.013574455504138
15.152454326132828
14.984700707418416
14.977454345394689
14.981016794719334
14.920558065515749
14.808561270736677
15.167888596218857
15.047369112545583
15.281611909294107
14.87053150335633
14.98452124621491
14.913815128492296
14.97890128474293
15.001521168497163
15.31524360529857
15.024192371794316
15.084886138307308
15.126637427621523
15.000768325749211
14.97376171024712
14.953889078997676
15.144280460803687
15.087066875288588
14.956954489357454
14.94197185042639
14.908616115843996
14.891847422452152
14.911208788199517
15.037998728748834
15.180637405037382
15.138276347525808
15.007582330667914
15.104788986956883
15.018467451514823
15.00257384724153
15.199253298399421
15.100371148375553
14.841253016833528
15.08770627474093
15.03738876543195
14.77039659099289
15.162022514556643
15.310733067178234
14.98532247376965
14.879567557619986
15.323191894488382
15.087669114886328
14.953947823370834
15.02466265499687
14.992106645849217
14.975111780264095
15.091736893540217
14.912077388233222
14.866689976616781
15.237088013119074
15.142532292597041
15.240560621559851
15.235591239555502
14.94257600546709
14.955656360812986
14.962918170312236
15.097819470362648
15.06201585264497
14.898947242872884
14.903403823134667
14.940137973966715
14.964167627447113
14.73632122878125
15.096604649553338
14.996522869980465
14.82689865054779
14.862507069463346
14.698279996298915
15.132304763348252
14.882538978326698
15.10791032838218
14.901289838580974
15.037600292115405
14.85288605643912
14.90342237113733
15.069639345170453
14.863399624663577
14.922586395958756
14.962301224306438
15.191482708108753
14.884710423025945
14.88033540996923
14.92932207161573
15.197379759821196
15.060133120431042
15.003341365095057
15.07665269492109
15.024543507501738
14.920782014085605
15.112708841482307
14.843101612149377
14.989250206938765
14.87655289772625
14.968200648181242
15.069383071510066
15.120109530879263
14.829971332291318
15.111605658623526
15.02753697663471
14.99649075165914
15.213371367933975
14.850298899157112
15.24755430334451
15.097348369340333
15.088209081884603
15.300123658116487
14.9046617137534
15.038597641105495
15.211522901669454
15.030583103896575
15.172648038009605
15.237860471408325
15.062783634063464
15.06132039843819
15.065070908433992
14.985740287145301
15.039742051462826
15.043941464192056
14.905555559674546
15.046778303700316
15.113509955725025
15.105656742493023
14.95601758743041
15.087276216181607
15.15527483258354
14.805801154020225
15.17348531767685
14.952093899681218
15.221305732393212
14.898384096135745
14.978490015353353
14.76109884781034
14.901588701999634
14.974812492012111
14.88589451816908
14.830092138814013
14.916641916971885
15.103507214591383
14.893603232788287
15.142615003519158
15.155368473391531
14.905728286572764
14.780261714183105
14.97270208569517
15.063401481202195
14.973976333874367
14.938122342537724
14.986298381408334
14.947020803204765
14.961966277671612
14.92151859082778
15.11738214231019
15.232004398233768
15.058667142418239
14.965910510087557
14.795977164033218
15.00350294172161
15.07091755488512
14.939518901752258
15.074985969144665
14.937473436943419
15.010241968050126
14.919240134940214
15.164053302675821
15.131506251928327
15.127479583588078
14.84681830292285
15.000971496699487
14.746088753738922
15.003188447785345
14.957088160071082
15.112886761197153
14.915831193713554
14.855052904445765
15.105172341010755
15.028931228093548
15.143162553600293
14.904446137669261
15.075931515902882
14.979355294869995
14.997946535744386
14.880644132054293
15.151359940927641
15.016213573625238
14.856538339407065
14.825759261374362
14.9258536783402
14.797845529242627
14.920624021972671
15.01202182946825
14.840610263208001
15.203771505474867
15.108588697511832
14.912023716248706
15.11037862590841
15.374546633059351
15.005886898004775
14.893786575464858
14.823733444637897
15.149868965264773
14.928174418957038
14.780058272667253
14.866485945655604
14.88503917203734
14.86150365798109
15.14940862167714
15.087810677799911
15.050118326589313
15.218667821534805
15.067819907298599
15.083446287034192
15.014110691744232
14.83173556018073
14.969326336314678
15.108231286959475
14.856694825712658
14.998653939433627
14.732813541236533
15.006822890979654
14.846340996831929
15.010552523468272
15.14749690328308
15.019594304405205
14.841016843171577
14.998080559209903
14.866983318430997
14.816989827822248
15.174479242668681
14.908008982312321
14.950115893069615
14.877320115872573
15.123108041175344
14.955222237954933
15.22275169318598
14.776681829396722
14.999217501690113
14.86472593163612
14.998008814572756
14.800899060846458
14.756892574816348
14.827118128866514
15.091267189722634
14.956865087097654
15.145688773205379
15.032467936563295
14.989656322192792
15.26166650403016
14.94991230968744
15.205657950073348
14.976003211322148
15.14884569871875
15.082254650810183
14.729195576320203
14.779713790769542
15.100009503968973
15.034072483295152
14.909372918615913
15.112358110773844
15.145254517074193
15.033029994088052
14.73959243371465
14.777230760463175
14.921735888229543
15.05004960015605
15.069621060872052
15.124077311798349
14.761267156101397
15.132252083640823
15.058274164022867
15.06242485503165
14.99995951341996
15.113500439808671
14.82760495547648
15.18651278417728
14.850234025880573
15.116635356356474
14.730806520698854
15.272386436436928
14.941244834548309
15.282605547447057
14.860064505998185
15.074954594900934
15.027954513137765
15.011779949413992
15.01735362577096
14.996871600238997
14.947060581559647
15.036432583630354
15.03154052123304
14.927622997740704
14.990687389887183
14.996347411515554
15.092637060307236
15.110272330255986
15.135408408301002
15.046075592628608
15.03198913075258
14.985264584465176
14.955214602402402
15.12534678176878
14.930752648483796
14.793358753978131
14.950307867112128
14.886264411298397
15.03973612351384
14.871179507445829
14.661634056814032
14.861466102816156
14.953182033861921
14.916268226531058
15.129177917113319
15.215125617511655
14.96716054874759
15.18154520992868
15.118725421541498
14.997400269618126
15.110515963588409
14.952514238021848
14.880719907001742
14.935079166519417
14.86105518064659
15.131356210066429
15.156541105138983
15.071570979475498
15.049928524551817
14.978671268063648
15.217433911628833
15.097915891847874
15.180049018518055
14.946631012299186
15.071297296939932
15.080545913731852
15.015912259009223
15.191274345595206
14.842441219504266
14.853897576724954
14.92117066924609
15.099707095072166
14.899105771820963
15.098815594272756
15.01498502961917
14.91564466519729
14.957290812353694
14.99252555936446
14.759734178851565
14.956026051630698
15.009546381386077
14.874747372989527
15.162166532064637
15.041601245404788
15.093818152641672
15.021482212193172
14.88061120062624
15.031882032397498
15.16076242841929
15.111436095206038
15.06621543125657
15.037708516864774
15.015489033321495
14.889727799510384
14.890752696632793
14.963270658671453
14.932020731835612
14.843790714068001
15.075733449433036
14.81117098578843
15.10248511937696
15.184521285751199
15.080405267585522
15.138466001785595
15.259375096717639
15.187115578374799
14.967431573126596
15.124816074308875
15.0831572683918
15.043157235154647
14.976449506417548
14.930049517869767
14.932721351888413
15.079514696223587
14.86626236890856
15.013605892755997
15.073818398939434
14.772767529132498
14.899321823980735
15.047456490479803
15.117165517490175
15.126260138968322
14.939616313738949
14.87190703936088
14.940965608159887
15.105985664278476
14.903513938527444
15.179154122537009
14.868417042232208
15.065621653800353
14.996083952940033
14.882831020814574
15.01562667985678
15.048993773630478
15.014920561124443
14.972165497777912
14.835604532959726
14.841393608047966
14.893606372095979
14.842404780364028
14.992266579874258
14.839240975459846
14.783256835141472
15.025647243040744
15.125950133976712
14.914175723680549
15.078828972991815
15.136997301766856
15.133807810740288
14.991579980551053
15.085682389482432
14.915070895743723
15.194788308149116
14.78065914034896
14.863476942645818
15.229296007532302
15.112983200832305
14.711630386768555
15.043862762821986
15.0597516389293
14.83231783682046
15.051200522792934
14.85987074770437
15.051358214336236
14.939668717480638
14.908145144797249
14.877223577791664
15.051009110147389
14.698833244912471
15.046566037100273
14.890275925217065
15.050061560112136
15.144384565690567
14.899033225931387
15.023328038099162
14.87860270125978
15.086233562808857
15.02071533476892
14.674852678260823
15.35841171266236
15.092070458739574
14.97615994564863
14.87218806962844
15.061438111316258
15.25803933880975
14.915184545290852
14.77361826212051
14.742436384955006
15.003873609311174
15.157124593696663
15.016250623442744
15.033733249099202
15.021744309368808
14.893366129116945
14.948060501541226
15.134086285824335
14.88414430244376
15.190130285435266
15.060355123644719
14.817062454405887
14.917817979402212
15.100205174946328
14.837645709107116
14.923137499936951
15.096003355470359
15.080747855697947
14.929134884564727
15.122192043109557
15.191562343910865
15.005402578343581
15.112716231511971
14.79575855245101
14.895545426032456
14.67705868762914
14.962004679368562
14.844318905380913
15.209341959971175
14.808657544302505
15.408361706470814
14.702951159634168
15.083611067797776
15.057281747609983
15.172677491770573
14.832142166304134
14.75380663793434
14.989140545246233
14.981240245284704
15.030771955530097
14.79282290828109
15.237656787451607
15.143047070606421
15.01510315504984
14.927674565201146
14.829039097180075
14.845454554983268
14.921803489360991
15.019683094272054
14.923786200983058
15.142425567042274
14.753982825985307
15.012652015552675
14.834386708486226
15.111190911281902
14.746059246912166
14.99910454867745
15.039977250307956
15.004454157728038
14.8891785541374
15.123700062498314
15.029279522670679
15.05855871222658
15.069739260914828
14.775978538014877
14.97191131688235
15.092460043164818
14.851427157915474
14.905915933773022
14.989523323758243
14.814758219137971
15.113136512504948
15.160247817792758
14.972075724967732
14.939899404502892
14.864726776929476
15.072768260822969
15.354129981751436
14.791395108471894
14.925625742242365
14.906584736028607
14.989532647588907
14.79450992523945
14.910381055252875
14.877410619406234
15.193914707421738
14.787483888634721
14.608140931804105
14.970331019605181
14.700588099412542
15.169059470935853
15.317127669544272
15.117228850633962
15.04825059325967
15.034690889690937
15.109439662365352
15.014772822469533
14.960437540005673
14.86553040161427
14.901798220907871
14.613063215150419
15.150135957552886
14.754332629712684
14.955700773662675
15.17324180826028
14.812203378931189
15.13258364090936
14.774631633913103
14.957137266178341
15.080611542617586
14.902527709390572
15.233096087942922
15.127288080243071
15.141957906236405
15.033275839501393
15.19956650851469
15.08664955893807
15.020361361596196
15.03553558076957
15.242013726817115
15.068286044998027
15.074695932444659
14.880107049234251
14.943687637834536
14.832240215972165
15.15268874673702
15.039659510816092
14.93114446675421
14.900549048340396
14.900471901498495
14.82370728152725
15.048142154155533
14.984323525897038
15.106083002249116
14.85377573352981
14.795284754838644
15.020429057595747
15.15509791841144
15.199568574535279
15.00444135739103
14.703242347912678
14.837656808503926
15.099424478258463
15.019938902952958
15.295913245084163
15.147981560708926
14.941012752806868
14.962007366277627
14.910414101500171
15.107783932094097
15.04392421373616
14.9563608185344
14.878465062405963
15.107728714294668
15.201311689958052
15.04386639657373
15.018051888184067
14.954133275066859
15.015964263603397
14.974111590302337
14.969346003116986
14.975100615753382
14.96595395857797
14.969284487411922
14.946442583297287
15.14720752896046
15.245261843951239
15.024053890130483
15.040253450779767
15.110596199003894
14.798245905889377
15.060043416776963
15.056155486094697
14.932428699203028
15.22251528915995
14.899771644624579
15.27608996879747
14.94372968582234
15.237571529620185
15.04263323838455
15.171805324144966
15.041044105951267
15.090126553678406
15.095405956183631
14.940787825894265
15.07891217996433
15.091853582050751
14.895667936583274
14.873540029617233
15.07218136139815
15.097162556384188
14.86973149727643
14.914311353280517
15.051930795498212
15.016187619954886
15.093816989041422
14.821664839794781
15.04906051330072
14.91868806219382
15.26582023160366
14.854602762512798
14.638570188890348
14.934498868063871
15.129649167315304
14.90291532727958
14.970256059690875
14.975019178183858
14.845973162196104
15.036019271392258
14.870230554629034
15.373646265521726
15.124980040608778
14.879990185770865
14.97629659437156
15.187209873806435
14.95988628522694
14.768351521628889
14.798914218997991
15.025345320837674
14.784463655422806
14.983651173896158
15.149475181344227
15.130900062203828
15.14254578705177
15.128202970928344
14.78449102138304
14.90425591999952
15.162875476448209
15.047297865412833
14.892036532818423
14.888278325096623
14.932796511375479
14.938652867282208
14.954692390520167
14.720557138653621
14.933687103541763
15.027060097875989
14.88895643849075
14.913129607995979
14.631963608176397
15.17837815029906
15.150669381242274
14.84411891221083
15.015332943306245
15.034731160662126
14.82485721475833
15.007604364122004
15.00664528567083
15.056041748751568
14.958878410821029
14.851156829087088
14.922103577495367
14.892910830717806
15.065842021979147
15.14074798609804
14.931596182999417
15.115969604609138
14.873574800266379
14.831701473434446
14.782863006818145
15.14610821941214
15.161884384341066
15.057731746014696
15.068944854237706
15.09636080918188
15.164491446699056
15.133919772465298
15.022249923346301
15.14813015695277
14.631667956288823
15.059353003622695
15.0017405679579
14.85934284265448
15.018457383205156
15.038311257502919
14.950760518905254
14.887319289370582
15.136615775438928
14.992116244852259
14.957305410959007
14.948395338146014
14.887816108824925
15.035781546959448
14.88534119516915
14.643112321268598
14.835432072076838
15.041979316876303
14.93759825598333
14.93194424516963
14.889763326080212
15.199963099667137
14.851980329365873
15.006139943859583
15.021605872861738
15.14916941480435
