3.3223668201432974
9.82204372058422
5.061470298726749
6.348091671223929
6.864846420675897
6.816219818320503
9.124256841989949
5.983056765114567
7.058266129880947
13.801817215420131
3.934083102716324
6.079317234525661
7.786793509789358
4.752587687039706
13.044929437922987
13.16393905768394
8.876188957458814
16.054302164046053
5.450601188020852
4.223645165646195
4.624253877303427
21.434724920116768
5.767963529022939
15.885439650574952
4.818044393936422
18.173922158043734
7.859797036071742
6.91501058772433
8.830590727157709
7.7705614532682565
16.16193579357669
18.116146288797342
8.172262810539666
7.3877056021413985
18.89625340965992
4.853171097296883
5.425906622614478
5.724314639830328
3.3623842111685347
4.63431868131988
7.281946601753671
8.813290545387638
7.043033394210272
10.372244726850807
7.453868457732599
5.680454245114283
11.33154175430838
4.813756181640381
17.59702391726888
6.031722822816637
6.884841823652798
6.325242618227009
12.102893113595742
7.569465154202133
10.981528248412205
5.052057656023304
4.09379061387829
4.430587395134546
10.542338279602708
5.7926181087153195
15.641344330564436
3.2465065022851674
10.112059736913116
7.103230622423893
7.4507322996804755
22.896382806163878
7.548106108371246
8.30448065520945
6.719282720224935
12.268646850550557
5.367188841124076
8.606093744314082
10.468721321320883
10.008066288197044
5.67345683031895
6.649424474162863
4.371565350770639
9.980315239889157
4.658444494459879
7.36254993246952
12.33556362634496
13.21416027825233
12.596474802568148
13.219566953635143
7.154185812618754
9.317762760684937
8.846762012138592
15.153577247981428
10.169029269751052
10.446831015721303
5.892150331165128
4.896402183612975
10.11842042081121
5.358492817534568
4.601058973587663
12.032674266117441
6.454633459023273
6.5162796539124335
15.517438133675551
8.259126719842167
6.762932010982857
10.547012745262036
6.156371535680505
15.501768470618106
19.965332723277367
7.974326110775282
13.114692397239848
11.540644200902474
11.699655153721682
6.550670454125015
18.595408576173728
5.801682258817914
30.49955560126999
26.43725378267578
11.76103882288772
7.631467511364304
9.017301136002764
6.708963032673666
3.59546737366458
7.096021725789758
9.448676205959325
3.563039116159998
7.6629594036517
6.2465013799308755
3.37081981415304
14.104144516025901
10.6162239230619
6.504320223336324
5.581266128103727
7.010299279678348
10.807969784956441
6.127694803137597
26.861353497038948
8.627690247535087
17.951010655142657
4.974869607152565
17.43281397362769
10.818634122962376
6.600521419457496
10.929287327508295
15.957310405530825
7.1953939185187235
16.26381059385341
20.46426199297744
7.613255776467902
9.60351868251747
13.4419714224764
6.086441398034611
4.192104628191328
9.791040485348917
7.836562535703446
5.868806319870128
6.033969583203579
3.637279184029617
5.3195176534140245
8.795831193773171
5.9699367607735345
9.873107130972496
6.315716969307897
8.957445689943423
6.641331257169776
4.58595645364119
19.47651939964706
8.683037964839764
7.633141828667236
9.064404549649128
11.505684285376308
7.957090145868297
7.0643930976676215
9.39512802510156
8.844456312942507
7.59360032486637
6.741604349728274
5.7366657350837755
7.532593932820715
15.984698246027046
5.729533383629198
7.4623659160260605
9.621960364358777
5.862516461092432
8.92847189116519
13.130444491840372
11.858456829255678
8.518852055244329
4.6796984033659665
9.025575983359037
5.957215475583092
12.268004068803892
10.438241966300739
18.72737085960807
11.690705141763095
8.567589162750656
7.9005838468076535
5.85896260126696
9.228806573654257
7.151726651453971
7.083603813901789
10.138344303860489
8.654233659173256
10.258579637814176
6.3838213544527935
19.244177278092625
11.325746485176081
10.013311756362528
6.818540816276697
9.14193459084915
4.243934279126747
6.562898314846373
5.982545529467668
8.701067262805099
4.447403680848928
7.489308505069278
4.53397658602943
6.874632173660987
7.318205789517146
6.917762283482309
17.6939977433647
7.3315792472262995
10.076388850621731
8.126833445945438
5.586879475145169
6.8688469545572515
9.351188621309895
8.827376105739928
7.541278857344717
7.670833385500045
4.071015720034852
8.965815121550614
9.921969747101143
4.475105666082019
11.1569640291585
7.352176205753866
6.0879709167351415
9.921738430008157
11.26579435605231
10.478193272463031
14.198056998760396
6.471468803582369
5.580070900633857
4.4583853630887385
6.549631296759699
15.00016834916766
13.487009797900033
5.008631235899904
9.398764907081263
7.139935504506829
19.940471582198306
7.566762810887857
5.108732962871944
6.587915408079543
10.95005162159988
5.153011944840768
12.057677634189137
21.777536454050054
6.8654671416838084
7.46480003946004
6.6093932775252915
6.586673705456505
6.251968904116618
7.67732683101026
5.478564789832328
7.881003036911064
7.952407354568181
10.957100367569895
13.583266430741427
10.637006008615781
3.8084510716952007
8.616247309442882
10.472379754707314
8.60022923450376
9.106107900166835
6.655761657301317
4.006985572739495
3.5983126923872173
8.296936612745148
8.854332008518636
9.20857736599658
5.141156981478321
4.9034108230646165
9.258465534861843
6.320146591743401
8.076400298941994
4.967543766609248
4.91629151873312
5.121992524393107
7.296485484283105
14.79506267552556
8.418474774369033
8.853547846030239
13.711857567813368
7.600103732298704
9.743184572545635
6.9450560669618335
7.864735347026937
9.187142217994607
5.46381779234187
6.8088399598496245
10.46910764391885
6.007514374886801
9.978123614699546
5.868438394879796
8.086813304617461
7.661589253840334
3.4666697839235674
12.883867112184385
10.788901333407429
13.430380658560908
3.4060117498765194
11.023665359172506
12.03027188690438
4.625254763492235
5.4214388623083085
35.57724419650973
6.671902166000151
20.238434582448747
5.780121473461674
20.018119485578417
7.45583546219884
9.782098958040049
13.56788253688032
6.260342911267437
16.97855273539968
5.953619763349676
10.612143801456833
8.433631671143543
4.68462536839279
11.591621453064349
6.0824093921543465
6.9134738768562825
6.986563464922974
13.749687054446182
12.349091751626936
9.229890059119906
6.231092983508842
10.003984544850246
8.63556757758391
5.083312404291575
8.307522246895017
14.621946516305313
4.842930090096001
5.562040179515365
12.92643912110241
6.042075814481463
3.9936069981950135
7.640447950322688
12.116691881903915
6.545797713257355
21.48050689977622
18.62888422639989
12.125242799801631
10.507041296218402
6.644696113165413
5.475074895725796
7.787471749665655
7.252102106535357
15.209445115079754
13.154561131395159
3.9194726555768065
16.72264961151863
8.7760925420612
5.37658089013048
5.41964648904107
11.764446698065443
4.876190220092067
7.314084293455518
5.413687235214522
8.519637547886584
4.176143579057691
5.8193039677018525
5.429437138928881
8.661552876049212
5.586439745341364
8.167395380316485
7.2682365016285715
7.836414492724198
8.495724660764976
18.05781544010409
11.519420399912851
7.97322939385866
6.351913772894043
9.236060122577864
7.672203805121985
5.0608016877024555
13.592981479768747
4.083447598587914
13.239704915951485
11.133559291697106
13.270892837414989
12.69602363891731
3.8508721195885465
4.524062860429757
4.409168037970806
4.803513348326239
5.935775939326357
10.603913806384181
11.481933865925384
6.816937491618587
8.883877594117427
6.698677572450014
10.298008231914277
8.672472344361298
13.553837192163902
7.271025292105921
7.939692516102921
8.549644164668024
9.00908486120193
18.024355475538382
6.354779789259942
13.028389281890043
9.004804522213341
6.0420553717308145
7.711641553523877
5.91422827478498
4.126594543403797
6.730598201225411
15.64094068693714
10.636341107923728
7.758118116439738
4.944820055399379
6.719543213899896
22.282688811030138
12.937098426852277
16.260009468365826
8.844262616378789
9.106875650185431
7.000249146951937
5.905076016740226
9.613838757536966
24.25698454109206
8.191778958684353
6.3810068315936155
9.817255525661132
6.689036614470192
10.775255057885685
11.350459806005363
12.39670897849986
7.330996837728204
7.293292419027771
4.6168330223293825
3.6726318631343124
8.218541462604433
9.802214916732664
8.12174200219226
5.335880482748863
9.872627287477243
8.214570339239462
5.10404941730849
12.778290610682284
11.518206358094659
8.861620635457635
18.67022615687209
7.365794879445346
6.66828897362325
9.705833325095945
6.928819272401723
6.373307487298851
11.500069706712795
9.076656683763693
35.58071298752078
10.21025102984375
11.383957782283991
9.617074839943013
9.10569189497874
3.401556218018081
7.793871872329203
3.0441781902278957
14.741346216440274
7.696362529423101
19.888563805452204
6.5716191154845625
7.583002427000819
9.240124429136458
9.842220812958496
4.956710297051861
12.196359606760467
8.964557416136016
9.28393571013701
9.513731816491688
6.366997191355454
5.183132675347293
5.348096945936896
7.3474603858031
8.123068286661866
8.603701785492648
12.018689702711592
10.676974689278646
5.56817801052763
12.543001515595462
8.877737172132136
7.537926876063182
5.865902688849578
4.573262448284036
7.550949161990443
4.886542091290555
7.220498447753666
11.844020976457307
13.16650818397818
5.113338065178004
8.196525655761107
13.052893682105205
8.687474087777527
5.910623619962765
6.309466015601103
6.8788315524249635
11.3525939716105
12.881737234262587
8.536350714472563
6.566136921674533
4.406816089929978
6.866105184638939
14.070394119461543
6.008771952130625
6.117360814171582
5.655566383496795
5.215296589003417
8.443165204975474
6.364877534110886
6.964160456291865
7.529606339517351
17.74584313458368
3.7873030317535425
13.94789447724937
6.029067554693511
7.539124346722632
10.484946311976897
5.246344119716938
9.229120117701614
7.2875972969267995
9.996651405213855
3.5880404124941103
9.824233250703465
7.48767987858983
13.582084931760674
8.049561629041808
5.334676571942927
7.470328104761449
14.088089186145949
6.709769932781664
4.186556675941811
8.583730502888153
6.77314759571238
4.4491030967595995
6.195756060866857
17.287574768596773
12.577738425886384
4.907449690951018
4.317507474946342
5.842860924874085
6.392670491717799
5.180561273021869
7.3100225689588925
16.001680260038032
10.785996266091027
7.989209454052424
5.872007541813938
9.71784279032912
5.798578647463436
10.818227760605712
6.090809569962846
10.328849152719082
5.209265819581424
8.297645732615061
7.0514865928239745
6.060561435622587
4.656330179599785
3.8090270537704183
5.409692472417653
6.0719206037177775
17.831504315864464
8.723535790550397
9.21379544907815
10.827408242408875
5.552429907081729
10.810390347117483
10.872016375693134
17.34341295859139
7.578031597717432
7.465103906093616
55.34354774298048
10.738235590573336
5.4105911462978264
4.603790207649694
4.592034585782703
5.909056373833609
18.069646359829274
11.185897390662314
9.173625972469717
9.901122216248593
7.510385106270101
9.13663164713389
7.964169837547824
4.920642621310468
7.5115093178164605
8.641398845426604
10.329367688002867
6.562830937313647
6.741803507949961
4.141407327248861
9.415147263370354
7.563214027460625
6.534149863705546
4.644143682684592
11.206029515869789
7.622417872869318
13.353456996546656
4.549540638461286
8.914331729762798
14.822995225250644
7.342058498425471
15.012369614703452
8.973113363339026
6.595952580751267
13.834548023652935
2.671410636981853
6.386164014430329
7.757473330454554
5.907782278587183
10.603144027456834
4.677908684437305
11.058015467070316
7.936081937271383
9.12885571778007
9.32051406910363
10.072234414535297
5.2946391513093936
10.65374947397535
8.532791537340325
10.52364366738124
7.465492220866271
11.323597525101068
7.57372284663065
7.747015377668537
9.358103149434925
5.226332149357948
8.712697111611332
6.230850828311995
10.037921243739271
8.3419391842759
7.0792127529371385
7.801056309136072
15.32218545912274
7.609403090607863
6.415705944477539
6.393135459042143
6.784196983401509
13.208316029652375
4.115347214092881
6.387048204667739
7.663184190467321
7.475741181597491
7.437970331051571
10.185112616424352
5.9323309601605345
9.22652179328567
6.119083974329326
6.671536023832481
5.83965654516906
12.260587423330579
8.92801525802812
7.154252746455851
9.042533861132469
5.8395056186006595
6.4151674075662335
10.988440811094886
6.226656027629069
10.547345039348953
5.57342664291122
8.44897717001002
4.846574796342592
5.390182968414112
7.611668928603849
7.783072337921539
10.452774580295385
5.452142193076433
5.77771087562911
5.21874229983873
9.445472872477843
25.557068967974192
4.256645852828159
5.207368424816975
7.696394381475183
8.281067474584717
4.975978757529478
9.119578023657716
9.153241438334327
11.51628798156941
26.72481764581431
49.95062931671269
9.527039956360532
6.247274002744247
7.896164924571563
4.204938089238102
9.877303403949822
7.550425733371198
4.0984750581541665
3.590316304655015
11.564202872322795
6.31328187381168
8.318654354911255
9.985197453645789
3.7833221645038764
6.329414296138173
9.208859596818282
6.162556538902103
12.464618277194951
15.942196233069579
11.564067857967917
11.999051657933235
8.036792144916065
9.640867990079446
12.763599298290597
6.797051615105994
7.9364950069567834
6.999720902293576
9.6740073479973
7.325763262813846
11.179145722186327
6.8401629476342265
8.117556006422474
9.942908863920273
5.562228212578094
7.42384767291364
7.05643347199469
8.771699279749829
6.3650186358187035
11.180638040187235
16.11821369897592
6.948034319227077
7.685268079822981
4.44483737253166
5.1929907632635555
7.513125802760475
3.9995245552214036
5.997720540564331
7.15426980108724
9.16627454014685
7.942406038633041
7.007126919280048
6.456520903072907
10.025171205916271
14.890806664683728
6.755542124313801
5.834142080505848
13.174612997510057
12.547759206437844
5.314191339547894
11.008964557653226
8.23447418722095
9.319661804243522
12.790002258135793
4.361309841542434
4.907482573803171
10.45468962939221
9.480097208123842
4.846932242558774
13.665702627114763
9.336204479209668
13.185224902044697
6.104935283964132
13.673296581399155
11.964958753904096
9.309021224423272
8.982349435042329
15.29491798309984
5.3940272333703145
5.666671442053052
15.785423126576944
5.057873063221197
6.408444333837983
10.329730806696775
17.457302596483196
6.302872011748258
9.552817446370154
13.897664999116227
6.48257533154061
5.90773071070018
8.110280769931807
13.295660228523097
8.423917478611484
9.967295536879991
14.526593666490639
9.92121797619446
4.980395296958103
5.4345539484871885
7.883517681633665
5.565398207048248
9.421329375376938
7.311277908210598
7.955767861011761
9.697877612796095
9.8956188336558
4.800587803119688
5.453172617641606
6.698977310956601
11.808519470874225
7.073506587286434
4.685671698363742
12.286959332689213
7.938960199006665
13.875898729701712
15.980679820974824
7.90263237321102
11.98940296121035
5.79857734658822
8.460211462406315
11.305800010235975
6.300832525823264
6.464536709307849
7.353934760616811
3.9338785833032404
9.878033310404373
5.752124919813536
10.61667057907081
11.950810760530906
6.385852928690858
6.238353476199435
7.989613644806103
8.404371042432638
6.226938551230815
12.431614749129702
6.48415006191774
12.96521699704151
8.505966378648546
8.055661204184029
6.712835853775065
5.661308810834584
7.898578184417834
5.2122301216510625
8.439486257600493
6.182239572444757
5.027101365051747
7.129436508546762
6.295108299414892
15.6553257687229
6.159837018208629
6.823652791034259
9.15596893677575
9.801958078093575
9.160381398593238
9.789582512919386
7.523194933995578
4.1239300506321825
10.802365476525408
4.574070673811473
4.829098296896366
10.81830212190554
7.2727966804665956
14.129235192426746
32.05754936477129
8.039890799465107
4.272046897403514
5.450019513907388
6.3747448318889885
8.034036813771941
9.168188373944687
5.2151572489382305
22.289244885529058
11.870777434131734
12.68602299979989
34.40999363706919
3.4335337974651376
7.212175236995629
5.269820870342387
6.243897845810745
14.89203731522975
5.162021919968107
4.677929662353978
10.262310829571176
6.9928785297601035
8.824078409458858
22.538581491512502
7.065943372870071
10.639569207763582
9.654674344276007
6.218829614647058
11.482861404444023
10.177847795475277
7.118320230467782
12.995931143482883
8.832252498322463
11.009071209115367
7.507944328785245
11.524474978849838
5.102237362891817
8.303000214278207
4.557291420979854
8.789752905292271
7.632499419384438
6.647103512347
6.113438532714149
8.822337214690604
12.496777032977576
8.343181966897664
6.949825551890484
7.84417304115163
6.224741248405561
7.637192272651614
7.689782098102895
9.531566957514691
4.471168112578834
8.107875402043856
3.532524992734249
16.470136696140482
5.777285001602451
10.663757932802046
5.73468767755002
7.601037870041784
4.908691151250102
8.3300090330881
7.489353071701183
9.930745020513895
15.823256561405811
8.12308333134536
9.735136704249872
6.46175221181538
8.865227900129263
15.224405509864482
4.000118647324831
5.952075290857645
9.34403524967544
5.150629443530183
7.633243110608729
5.801998055545742
24.13572687079533
5.052270666184853
5.480025799096878
6.138189224024215
8.475016751262553
5.84011783767318
7.386472635365971
12.754085913454915
6.51620155476519
4.483776305084961
5.6374012420792905
4.812295573416775
5.665774296637595
4.8647069305812405
7.302018460770473
5.777336383968797
11.232298438682676
9.07060909072297
15.823603491422778
6.597750298721512
4.86039571706326
6.449169485779017
5.089064037482498
18.93510252675176
6.808471934464134
7.832812632753709
5.094224234644874
11.280940008533852
5.628063744499628
7.2699532641285165
4.494461504098721
11.498172863486008
3.0357574168196875
9.60285254072949
10.165315014616496
5.768031280713468
10.462187684302048
3.768363842645729
5.7463273998889175
10.942545088012004
4.7958169614593436
5.553259560866099
9.766336550662299
7.97497857126548
5.021451944210701
5.257740500768739
10.938824624001652
8.802780848349332
5.2001470559570935
11.660086003723276
6.773346466149483
34.97791678892333
15.626175423046071
6.691949656326561
7.547627494898301
9.12893975838186
12.1037452610577
8.57890465049613
5.175879695593614
9.523638062393992
4.804404541061014
8.502592966158774
11.743769870752326
7.660750918073833
4.643199881171639
7.678703636353129
9.729980882965576
4.779637100365179
4.828029603842639
10.983577858632867
7.767151654106107
8.798473437681281
4.136793112723163
5.664526976439397
7.827962084775161
7.2492667472633405
10.369371556182163
