19.232155023942152
20.382502633878378
20.16741703436124
19.871530512969212
20.87541481538122
19.731029692326477
20.09321340039657
19.530714762918464
20.129267289587876
19.734703279764872
19.89732858706578
19.90098125468644
19.77650130393608
19.22904278595362
20.10068988601141
20.486811858846053
20.093776035850166
20.23351878663749
19.612443152556054
20.059123293955324
20.010300191957736
20.592646998523374
19.638429225692423
20.62108746849004
19.705550385550385
20.06260901567808
21.163136931313073
19.69206405419715
20.024113612143584
19.638982805988697
19.94999353502543
20.010881696766862
19.711683795912446
19.97633999802898
20.611751185636017
20.302958115846465
19.986305545522818
19.8895350985103
19.560717826750974
19.65673880615528
20.07113291348839
19.91891796168989
19.618677871990396
20.138740713339956
20.659153614180163
19.509320000551245
19.738403069879688
20.09331202069849
20.45164771720556
20.083257871034057
19.908128407155747
20.215428209018075
20.610681570922928
20.052048906752738
20.307400134995042
20.170905590927713
19.68092515534751
19.412878841819683
20.476928417078323
19.671340329429412
19.86710365982146
19.152077203218106
19.78007732585934
20.00014110701795
19.9053940046317
20.685146430532797
20.095244087547307
20.196705314390773
20.594046431214487
20.377163348120526
19.235166276489352
20.31668047497037
20.11769109621392
20.24628704445678
19.921897113291063
20.017746946374405
19.57546301615962
20.01445808860462
20.120278466287974
19.896253078907318
19.975438881716283
19.860127270241218
19.723730236625794
19.592567167065052
20.109345177786988
19.96326647506934
19.515926226089498
20.201302154727006
19.72071398008028
19.87083197472035
19.68985679584331
19.9567461410358
19.71199689124633
19.716430656578588
19.381295347064313
20.23418862539906
20.02464420414157
19.94575738850472
20.08334382410866
19.93278098970846
19.903606227860976
20.12173283657857
20.33769355653007
20.275491966306102
21.08760204820383
19.529574444379676
20.387583522048516
19.75245327838136
19.9444620124176
20.023100949678796
20.533728433068283
19.580092142920233
20.52687853084925
20.346510326435258
20.52238682594839
20.000938751890377
19.673276728173327
20.78378322545062
19.559447480643577
19.721665402365378
20.43040916601581
19.988899457779322
20.147186593167003
20.24830312645547
19.5995100373237
20.10108184557359
20.23101256375805
19.308742088646135
19.4713661098558
20.218334164075575
20.720684874304908
19.71956109611022
20.76126250215819
19.924162625097054
20.283832917241153
20.08799457645886
20.0380207978912
20.69218231160624
20.48591265884548
20.626671715908277
20.19821356010432
19.848878749015125
20.10638297528863
20.52891744416387
20.101593746639246
20.640875428390245
19.952311501614567
19.813165923149487
20.16857915005839
20.03170658706373
20.066674128945586
19.665501181184503
19.72626852536014
19.16465872282621
19.93096766237169
20.255066890990765
19.999339404372694
19.81010105375859
20.16737553865669
20.130844351054346
19.552904920391903
19.673048393880798
19.90319509057219
20.224366294938655
20.30608610115008
20.14157563886561
20.0119246062416
19.83205946796726
19.349631469045246
19.61746939412647
19.96532756946095
20.33430092464276
20.122122056363406
19.45398432084307
20.494769932873552
20.252847778526956
19.694052320086843
19.722734666691625
20.056097303593663
20.03469102556856
20.280977973896295
20.364208543045454
20.47650786210517
20.159268624432194
19.513369720148177
20.563923638107052
19.924050013822935
20.404489773089164
20.531507754785682
20.452700747880687
20.28418925715259
20.467099864357074
19.81123200506982
19.845492895484536
19.622855188521772
19.28613740270522
20.033976766952303
20.29327831790372
20.56760306336768
20.282965327447513
20.138073634379836
20.53633627646572
20.350743868618892
20.416213276519017
19.811507934783855
19.851315861388887
19.293915440745607
19.745405902498106
19.790420089242073
19.993258448889588
19.86330998036387
19.81784774526294
19.59815628823754
19.886676268729932
20.030904648714248
19.78207244013208
20.658852225865683
19.917554089433477
20.226505291984537
20.351031412708622
19.977244166196026
19.881475033884506
20.431807747103903
19.62532333071182
19.650801990953912
20.460296941102598
19.544980554433803
19.594617642335127
20.350563574898533
19.205582499321196
19.894745452328422
19.71006357133418
20.16547547403914
20.5115280037442
20.075339624030647
20.286770714164902
19.468048099508433
19.771998391241898
19.728484835697028
19.34807853360147
19.830540401660233
19.950868318980834
20.372890743384104
19.449882753097857
19.75188456421723
19.868433936924692
20.725397162329166
19.466790806727676
19.4170035496519
20.063193400714145
20.420398121177637
20.094236575504695
20.423443380477913
20.165927384074564
20.038512647360204
20.007522951897464
19.745384441186022
19.45160117321
19.915502642041417
19.513116833113386
20.021959280058343
20.378868936334225
19.477520035869915
20.138682922597177
20.443786948210384
19.86378643832971
19.56144772569332
19.812275847625706
19.92461550904908
20.65492945649331
20.013657667767255
20.0650622062761
19.910162611298663
19.06145549973384
19.752170489535967
19.93948729775604
20.221648708748866
20.03925979214985
20.25500044709172
20.106239037363245
20.16504854684462
20.20145930827547
20.082891975744992
19.977986216752864
20.11592668956063
20.547733414939312
19.876689975646435
20.179078479915212
20.096837790264814
20.224958524423634
20.841302074631127
19.997005380808872
20.369708264589278
19.474728342158762
19.82406372930747
20.33259501288281
19.97215860269466
20.215940724981046
19.41757290593697
20.143251730224716
19.808169136077712
20.251534290622736
20.036371928239017
20.07851288594307
20.082960826398644
19.70830789246212
20.083699643383937
19.936306129067976
19.522920707913457
20.356303735593855
19.478733432906502
20.21355722051102
20.600865801573928
20.323219622094914
20.354205416559573
20.312529195892065
20.48700081058979
20.24943047668186
19.93959594412333
20.813737284087498
19.724330434104676
19.989358290701958
19.286618578142136
19.832438767476265
20.069520411772984
19.563365034890783
20.112434315260142
20.120620073427375
20.170268673302083
20.022931171879648
20.208117996164667
20.79938674951769
20.704067316484288
19.827040627749106
20.43587122059213
20.718772088812607
19.57257523300874
20.472313568929128
20.615237938015117
19.863097560818826
19.97291441149098
19.832214685330506
20.185627692429296
19.771539028838625
20.159966574900057
20.47630151876196
19.842532306442404
20.161274239301758
20.1676708040665
20.386407921822368
20.473922266307735
19.72177269744367
20.288279714049292
19.823984317626582
19.774222781675423
20.666594529381797
20.3704063288319
19.58111172486993
19.975768369440488
20.07136644950708
19.503983208274796
20.013234990771835
20.365889527809575
19.72610322030017
19.505292449724404
19.32252717844201
19.8520737639387
19.708910261262112
19.45455767317304
20.193563004739556
20.098846279925187
19.65543803423998
20.233106226153936
19.69032232538166
19.484902910546648
20.28527728960559
20.532620943175786
19.513776708068466
19.530661350197274
19.62953299699506
19.89862149232887
19.884353500488004
19.672822066937822
19.763796196446673
20.13772464384033
20.365715147321325
20.283651245809263
20.40106418375955
20.52109326479896
19.67848216452822
20.384758102266588
19.822460592815776
19.930033895589926
20.083239566406295
20.23853230495214
19.837164033873453
20.006815253678386
19.98547193940093
19.68635293619335
20.07073406690312
20.291590873371433
20.402168437256012
20.01976821686927
19.72564404659804
19.86471815393004
19.9019220699587
20.175847495738875
19.57601590678042
20.14339506998293
19.95355696648404
20.248896471660355
19.445463350052137
19.511960110107914
19.739780002508024
20.146738844419886
20.3284575980441
19.72919356016255
20.11625708855257
19.70565997517092
20.0593894379972
20.31199267978724
20.614346477411328
20.70891130151502
19.712332509921332
19.567247187322433
19.71095734848545
19.907828838063445
19.71640441811189
20.617226068299686
19.700298574364087
20.443455864388632
19.330788967686168
19.751143028519532
19.933800203643063
20.16760116511748
20.671753336592268
20.222023967215296
19.667796509470925
20.579023554745397
19.66916517887397
20.461120535732405
20.1975423357011
20.706970568444927
19.341125376471386
19.826103891283168
20.295052503135825
19.67725936079548
19.60587953833468
20.058659558806838
20.229030347791912
20.37824738072956
19.978479797671405
20.139253722410167
20.062345577491005
19.841260312690125
20.16154315788191
20.381557133807775
19.555168000389695
20.853440164455975
20.054112347786063
20.41913160701685
19.758144040821712
20.182656142052927
19.007126318407135
20.08623658459597
19.579021750646607
20.085596772625767
19.871179648722787
20.74170847217861
19.597372155115117
19.956358463075173
20.224910012731566
20.56312311337168
19.93904692939054
20.024028922916504
19.89178581108011
19.766893437377387
19.87389361992146
20.19394242761154
19.78428263372915
20.028087077037622
19.890679216649914
19.787441651830903
19.824313631936707
20.11031481113179
20.300457371174954
19.83730764731832
20.301219058473727
20.029651106553157
19.91111767264256
19.569157554423693
20.20036894922409
20.265309656073036
19.278585715638563
20.277262991805
20.78131368428549
19.913141010907275
19.559145921134085
19.95945171236048
19.911431864287973
20.28295453274385
19.954240701043638
20.109703826974663
20.063543827118398
19.931491955228037
19.6048879194185
19.682045969029787
19.997292938083365
19.312252514596512
20.088982344473745
20.122781221927408
20.14373092055386
19.715052641518884
20.038217060693615
19.915303390358048
19.902878578629263
19.70254500667468
20.394602931786654
20.261268054807605
20.177513770108625
19.47042496265452
20.591364107991954
20.002948176171557
19.843799792559068
19.773970239693202
19.67863394897084
19.637924152718732
19.533946403454244
20.003974559474226
19.462273233192967
19.830400724013607
20.13489778706488
20.005878262876003
19.95173403181633
19.795905723672465
19.87201063940066
19.972959920034686
20.321369818396885
19.713737555031784
19.882326118696163
20.526048344918767
19.79678072132533
20.363234916734104
20.054923843713873
19.88637394622498
19.651120618347814
19.386586303569608
19.658258206885815
19.953547568584238
19.298853190058708
19.20853041434342
20.116593078512373
19.731563774238378
19.918311119224352
19.620736754487456
20.109932006307968
19.861543498052598
20.391427850659856
19.799065271032784
20.01723606887397
19.992660970104417
20.108118494104744
19.894681368458592
19.945262216697298
19.50694242782604
19.212830831949635
19.61639594460216
19.879570577946645
20.07251447453151
20.560638136150033
19.83227800378406
20.207205778633718
19.612617907604353
20.13782702957427
20.191762485130585
20.142391549969254
19.670460690526923
20.304628977094666
20.53243735329586
20.063856651844127
19.61846744050313
19.686276096185303
19.972919482774085
19.313694325181764
20.505187447258297
20.248324685414946
19.8255591534936
19.54430552533238
19.598826239623524
19.69743716270589
19.99962217219908
20.388029108146092
20.140569812366994
20.318448723669515
20.658198050951707
19.691738372893685
19.741315272980145
20.10882420849285
19.4214587250756
20.002409484704593
20.463121563529686
19.570104997253786
19.899079200406362
20.080432919163044
20.043361168032412
19.634639181674807
20.14148301706286
20.224371918478788
20.060316440205725
19.72461583802309
20.56526102067667
20.14086728353234
20.306033409753063
19.55457477616421
19.795402915923663
19.893189375782903
20.095911930246608
20.179641527137505
19.46668790075607
19.547638450808197
20.153545867986054
19.681171039536025
20.565690147910704
19.608793008940225
19.34700217692452
20.280375293839555
19.967905423541254
19.71022633488265
20.16815855002272
19.74991652547871
20.745137699706476
19.790451554792696
20.78812892050077
19.659819157597422
20.554584257048734
19.93033081831335
20.07159371717754
19.917218134093428
19.92110570108827
20.43041952480765
20.12667079612438
20.092658334461046
19.890979693487807
19.833425129890426
20.284508081914932
20.21531049887414
19.583975649383248
20.069977953981812
19.91140690046882
19.379822204447294
19.846873170447857
20.25709530661935
19.890003524096723
20.670843317111217
19.763680060932366
19.43933428443404
20.127458444068797
20.19885058266508
19.69053617629721
19.902299383629334
19.427746018865452
20.28866645354519
19.581691231653693
19.72051699693335
19.923547182446605
20.54012890397467
19.570940520199844
20.264185804608296
19.9915302701874
19.847511448762315
20.290979486895836
19.940185983454814
20.359725322440024
20.02963970998009
19.957787063718676
19.746928824635248
20.13783078596317
20.377957505126556
19.68910459726465
19.250678623309536
19.797375044923427
19.897601735996528
19.912979759661617
19.810422836060575
20.25047725675913
19.938594310328025
20.555261603119376
20.546504993193626
20.30565582025728
19.91653749002274
19.88961829663122
19.723529937764066
20.31768476774273
19.49742752399414
19.319942473479863
19.65079393800609
20.350970342137085
19.21053735245193
20.530409977293722
20.22171611796006
20.155599219776086
20.010142281386333
19.604654247510805
20.192703714586298
20.550272439220567
20.662844890232634
20.205472225449657
19.55335874834604
19.882051901487984
20.40941988495208
20.146268813283214
19.413197586101358
19.92039594681852
19.609275697041834
20.084760879857175
19.725497103032666
20.40871593270981
19.702242474184565
20.21149043600035
20.093644607909635
20.087612400970574
20.10668948198582
19.593009050399264
19.722432647738962
20.23872979942265
20.324580655489783
20.726384453407025
19.854507027704845
19.794217262235357
20.37685689381442
20.22661765663315
20.34585430264428
19.36307503462539
20.011102139304658
19.872163357931576
20.28699859127215
20.270641793526924
19.8126807099767
20.473231508449672
20.445161878474632
19.474281831598947
19.537451893463672
19.803530027644058
19.62565805402755
20.26591172464051
19.603518567269443
20.30422173624785
20.10098229146302
20.072774902851933
19.906032437959322
19.924574543060356
19.35991452486818
19.952049891110008
20.063112593087737
19.130752726852148
20.582730813177783
19.915861718604095
20.263294881667264
20.122625792927863
20.56301601138175
20.34519536622582
19.91079334874187
19.842044340337686
20.21758497052066
19.691709071478247
19.439093391903054
20.58513464498532
19.812665122806926
19.84933016377183
20.17276881922486
20.024596155325444
20.239894122560397
19.872929699354536
20.531144215975853
19.38738899372778
20.06286647261528
20.345143231317202
20.296590179838393
19.749084234216554
20.08061759706894
20.18465146854866
19.95568710602529
19.691802246049804
19.95400579478155
20.23962180353413
20.023682354517742
19.99893249658245
19.537325269846715
20.179983359168865
19.54730034618762
19.886538702066186
19.552550551510574
19.83536227305541
19.91021510006174
19.99241406004836
20.507744401667043
19.882501453964817
19.79438292620269
20.016460488285677
20.178703589387133
20.185170534588483
19.414810388066268
20.090132370782765
19.60037447378622
19.63025243623558
20.274479304775888
20.06837780627506
20.103621179731864
19.270340873209065
19.67562652112128
20.454020923264025
19.899442939847436
19.817551164637127
19.776254088251356
19.951487408987482
20.247163218750448
20.20657780371585
20.113734702364273
20.072849417282242
20.154407784660602
20.205105555996905
20.35518121108738
20.106853887683215
20.0745846433203
20.18293160027799
19.299652323574083
19.683928048831692
19.433285894271446
19.81650861088478
19.731883879749088
19.86674393413435
20.143238722969755
20.105677484319468
20.585692383276736
19.970139948019625
20.196178535256315
19.281373359464503
20.308307304807304
19.92046438288686
19.999254670191483
20.376318382901193
19.953919084582648
20.032724682946846
19.950979675977347
20.04360122988642
19.681323348242866
19.69104847900521
19.898448584536194
20.81109319939055
20.300677311271517
19.697133132436612
20.325036222430125
20.282678502350127
19.885369783689825
19.600621104984796
20.123247803899176
20.038282126493385
19.961469657138316
20.14856844210963
20.513621958803544
19.367675000923768
20.207009915064404
19.942427252779733
20.195483242837554
20.383419301981462
19.911422447261984
19.58549248188135
19.919399756410307
20.010783455474517
20.237082059020928
20.666280747686358
19.9940970525518
19.899351291295442
19.82815575760062
19.549917164528175
20.91850623819339
19.77689779223191
20.127879639458463
20.316397696340363
19.977192536722974
19.81323712152704
20.757779790736272
20.135577621240646
20.299645170349716
19.732317580105114
19.807648178596292
19.983308579815034
19.780040849798215
20.218214517861966
19.444266219338903
20.326003405212592
20.272763893199155
19.146583049597627
19.899965310514567
19.678495258378813
19.849425895981078
20.270501934233863
19.698908887909003
20.355648909437814
19.990210237094367
20.076575151277464
19.71283472815998
20.380602814180367
19.58244995756395
20.653876107077
20.03502689625381
20.381251280051416
19.654149942437577
19.421238935681487
20.074646095047747
20.131009155457633
20.299508812582463
19.6703351595284
20.47824739963738
19.834649626742227
19.454118534763882
20.495130596315104
19.80271776861514
20.180118910720097
20.4138798197545
19.73579002946493
19.9598932812833
19.728180773796115
20.687858204905417
19.72683409937056
19.622543508968675
19.62480350302508
19.843131460189845
19.6511061664298
20.118635192315317
20.2818871586747
20.0456858581428
19.260385774182442
19.577868214572664
19.345756917162486
20.417679012273446
19.13798955478783
19.854474834315265
19.84089589162957
19.98929627447546
20.32217609551067
20.46698974099359
20.240432469239195
19.663732821435147
20.023903287974058
19.865093513880918
20.26847113344844
19.69474336387465
19.53355915976687
18.745709453089777
20.30160023233172
20.062271897448895
20.004895777422426
19.698829894281957
19.763977485950118
19.855756495075138
20.23095868410773
20.252052407288193
20.05410431937051
20.23034611538285
20.03432900843253
19.679863681927863
20.05083847603808
19.76852307230894
19.334620472318086
19.905568242962445
20.044710831647663
19.884723947708725
19.598427277528764
20.626292944398074
19.67917325139824
19.266521506455707
20.28712519649591
19.679680546624997
20.83913888681209
20.619556578709517
19.848696961122947
19.675326306301443
20.285982883627117
20.035905401652165
20.50587323011066
20.2376484306219
20.155384151201932
19.791880756327892
20.06362448335116
19.850411997510133
19.801326509033547
19.260523594279064
19.964297327235005
19.948580332901077
20.523738772589137
20.149644455826987
19.597174706271044
19.784366703564615
20.23239892647596
19.894985801245163
20.19903051990789
19.96224597040101
20.236183553934755
20.070271626064354
