9.010133491103769
15.8692228023925
10.971987275020131
12.070175896114334
12.917004494296872
12.60641476809375
14.980540626332589
11.832510717436154
12.899749005702771
19.656771742932925
9.713890527924802
12.08078291202356
13.568384289283653
10.372543511583544
19.002641349776468
19.212957236964893
14.87594098164032
22.00200535566035
11.17039308050094
9.989639363552318
10.580615419020319
27.45843728389039
11.702038562631516
21.994366895351202
10.506527234143404
24.102484620144367
13.784174893144698
12.909022813504507
14.675522231056773
13.668845611317927
22.222504052492468
24.205479972765872
13.986642501572703
13.290982685947546
25.088011160507353
10.665380466384367
11.258800193350922
11.513797775376021
9.008585495970715
10.350063690230858
13.243662932647174
14.6925564359371
13.079112549308906
16.36752261938978
13.48149537016427
11.36080977775037
17.12829209705261
10.65707872115913
23.73950581802511
11.880177278221284
12.67374711917921
12.168284426380504
18.102280871538536
13.4117654702505
16.850359688323238
10.820574990983747
9.835622801082478
10.228974144951147
16.689765766750753
11.588740321257585
21.42808552181152
8.922284571020047
16.00271760092879
13.013851086332284
13.28154737772724
29.161541136605788
13.52983723532672
14.370744511484489
12.721710347780743
18.298191406048858
11.124412183226804
14.487046814553945
16.44864314530686
16.018812235105226
11.507885623428056
12.374971828756943
10.243192658708141
15.788725495129064
10.483161946406096
13.209414102805741
18.322337008355913
19.246048866069575
18.41052238882564
19.105829595458324
12.86061687137372
15.136329039061925
14.636673684279184
21.230877551972558
16.026463017797273
16.335305204773746
11.678071882424256
10.64800325560433
16.053435953776052
11.17791435021561
10.313697243013143
18.047183988950017
12.369438879619521
12.246660947952492
21.497707495170875
14.205610494967603
12.651049183835605
16.586561376742786
12.139327709726997
21.53351439665288
25.86171958902545
13.62929765769049
19.237107090664253
17.584968745908295
17.7732379657974
12.352680677068332
24.739542888595935
11.742418263237651
36.659859763175234
32.50509469463742
17.969607805820875
13.449384091671762
14.58873652829807
12.63097872464741
9.402922794165997
13.001467611594999
15.460742937331833
9.23774236751405
13.61767352943306
11.97805018610239
8.955708979544772
20.201288197214264
16.432413537067127
12.40319156783657
11.098025124248833
12.8921828181746
16.951242447257076
11.962771670908044
33.013111550255054
14.368767227616265
24.01123376262704
10.777410947988594
23.408882727010454
16.611063192428805
12.706203015291567
17.12468103894264
22.055292855917205
13.06430014900169
22.07802142994456
26.623008270634514
13.538761300241092
15.677818671462491
19.51748248472468
11.938995126524363
9.749906847004473
15.736906293751487
13.604153638443881
11.654700038366377
11.753354000725631
9.289572522823564
11.156038844567199
14.737077136832255
11.738762787589629
15.680819079603141
12.175232976267239
14.918613036057248
12.581410239328969
10.18194667505811
25.43466512642152
14.57994716006425
13.541023951216802
15.000984712104223
17.411222870396454
14.089509075729321
12.925449807702334
15.285509959255785
14.665590234710848
13.732820882316021
12.5081435274292
11.603989317150369
13.247996728516435
21.991774177783054
11.54244950468099
13.141706771023184
15.51130636870507
11.567907185680557
14.758182301151093
19.043490198118878
17.771350525321726
14.412255385523894
10.495045562933457
14.937796847311073
11.650817573638477
18.3686408378778
16.39070060717326
24.82110522943167
17.615243589657837
14.481981468510899
13.818342602740543
11.764677180971233
15.013785959580446
13.049945175812566
13.021012910474006
15.990808379568602
14.550969330267696
16.13733563582552
12.201868891599284
25.24797325094343
17.14390651034459
16.006822951026134
12.709659598640705
14.975703640156341
9.893442017072
12.336692279819573
11.722387948552615
14.606003170455656
10.183684291693453
13.386900206099135
10.24914720483323
12.858821785767347
13.207553193312167
12.767791470896519
23.831385408474038
13.271836958895083
16.16494666351221
13.966517165940509
11.39525119493537
12.839257559965308
15.267393640690765
14.77563253824405
13.470569136706732
13.670226697799965
9.770151287940433
14.907490374982734
15.775274347899614
10.20113126675759
17.089279418965784
13.217695342274553
11.885681190984473
15.985585541957223
17.09927660501068
16.37597826854801
19.97886445272036
12.406556874931768
11.32301157605984
10.202129272014867
12.202188946312683
20.970724972067693
19.616504109930343
10.694457200778166
15.074353895751134
12.986890938162613
26.096688241613784
13.301975521919866
11.021756099689114
12.416230807943093
16.769557521726163
10.949714546802682
18.371349000205214
27.66703431909228
12.565840984153432
13.467198599147292
12.262533668658248
12.432362330845583
11.984666017767369
13.451383639091672
11.254477532171926
13.87070185694212
13.86011477373265
16.86655216979789
19.641668079250735
16.628867194992473
9.464164290904677
14.426945847073878
16.43592106923819
14.558090152904448
15.039989869694184
12.559574389877547
9.788036411926887
9.285482805523781
14.116580645623104
14.57266909544093
15.156630092727898
10.921142630170941
10.702239812034552
15.128052528973036
12.193534403477896
13.978095940259534
10.82782578586651
10.701853384205705
11.072315646475683
13.173037426827678
20.77737016956865
14.186088420724216
14.711951954734694
19.764289158218617
13.479611097025384
15.670831425884092
12.863652987233838
13.78464671698081
15.051892531710163
11.42091813018066
12.642185948117257
16.371402802128493
11.825851062567152
15.96665538915253
11.64475584682908
14.004463681825177
13.577614438396399
9.17502424800448
18.877672115924653
16.58290096331128
19.338747394224434
9.055845367534232
16.89637201051655
18.066215579085018
10.337654932465753
11.246844244734355
41.77827386421964
12.455519327128751
26.130506097407796
11.75847883028226
26.181026038225216
13.138520202535563
15.703420936045788
19.659514063922355
12.143319321262
22.88780204498567
11.658958126598266
16.334829897609698
14.095477476215455
10.45536217836279
17.614712537153675
11.959063146988354
12.693422383624146
12.853643447050061
19.866741508657036
18.53372076748724
15.202125005310727
12.017540201819132
15.957108050703198
14.598580570103328
10.785062970356813
14.128201455267739
20.62289855188918
10.506340839968972
11.312934980869372
18.755869675924007
12.000988064036413
9.679791070378391
13.508732607961308
18.196521513679492
12.516557807633
27.408239341052226
24.6677285345019
18.142866903054998
16.44979340308679
12.472499041359729
11.335303539156058
13.620803072424417
13.084795884825315
21.32830304413264
19.253946868730846
9.512401339910099
22.788112224571503
14.777504523552826
11.1880520873018
11.138709628889313
17.843282692113867
10.607511067753348
13.180600001478652
11.143986226621921
14.486486290739158
9.886313892578725
11.513896953712663
11.22495598904413
14.503968200455123
11.301005714324093
13.93494797351313
13.114140562625542
13.649191915550723
14.395480807851124
24.101239545536473
17.425168308318526
13.699331551241881
12.129403245641809
15.17490487282235
13.659680893206193
10.796622817909993
19.385064578634267
9.857866218927747
19.181893349279406
17.099987488409198
19.234411248063143
18.761964957846246
9.469391855452521
10.300384035536483
10.119380792129638
10.58748282877859
11.808953891643188
16.525656349569577
17.182575087412197
12.810053117540491
14.743115103716665
12.568373208916006
16.23840512107089
14.600352812309772
19.826772374917244
13.055149245894643
13.788482360715085
14.379430024243696
15.04057827758082
24.183853869868287
12.105550901268142
19.051315689416068
14.822090792878234
11.839834995148351
13.413345162138683
11.850145648161604
9.944875464256048
12.59405622561357
21.538452280545798
16.414437793715454
13.712139233256666
10.671242253557724
12.50951858009762
28.342541325350645
18.961690708361417
22.2847969759891
14.562320411677154
15.01225463377717
12.931647965831266
11.835443581207832
15.458051491863765
30.444572716315026
14.135529623314849
12.249659439929397
15.610897051026253
12.526295045800971
16.652246035778965
17.45678643641715
18.40883900108471
13.246010517242864
13.092279169560067
10.365556887629014
9.437793303927316
14.104068343572353
15.666496522179608
14.033633213211647
11.091483851276491
15.776826861789745
14.192498757443495
10.78454732004495
18.532385531528863
17.422454365476582
14.75199800369915
24.657229802076905
13.263992656033716
12.757509961212174
15.709225683714322
13.023846614437238
12.170238694294417
17.505303207847465
15.059794492830507
41.673224403886785
16.14386476326477
17.492878789940374
15.369163053270047
15.029297777662059
8.897244598721045
13.669421778871019
8.631358154874258
20.746780103599534
13.531244671396149
25.96607991670392
12.303179776212271
13.52705663437496
15.165222726232441
15.796701239453073
10.734077097937298
18.127759131666316
14.75363053678949
15.463961738116733
15.333358461934031
12.18154204617196
11.002589015209782
11.113440472143587
13.053060026251478
13.90616482752623
14.429074294400259
18.179272153725563
16.602483392291735
11.30793624990186
18.554985147875104
14.889117534862113
13.517318141960354
11.712104007837821
10.3860380652021
13.46204519658876
10.468738943006954
13.177884933367338
17.756275551811754
18.89446854885735
10.797588081608263
14.133524280824389
18.986706714393346
14.429712824204632
11.746246664630204
12.05888268978243
12.76806156237975
17.342721486479924
18.82457711177296
14.427173239941146
12.381135999359813
10.095331134903596
12.794347582845786
20.177244673683003
11.835333232866029
11.871553032499872
11.476152478791443
11.076016432940369
14.391037272809449
12.146239242779746
12.919756263713227
13.474141887924604
23.716735781406058
9.403632322298275
19.901198036923258
11.959071778406349
13.45471334100461
16.472820033538454
11.001385356483263
15.081906611247208
13.134806879470297
16.05457693106986
9.109906730901669
15.765174891972864
13.224831366778972
19.744703747986186
14.029654922140326
11.14290071247819
13.328210519957146
19.92371528256807
12.639711758053982
9.767774777626743
14.43072485864987
12.52060019978455
10.05940782333564
12.033749858117316
23.348032558067064
18.465364333226525
10.714790271575465
9.888299910022027
11.503760350074161
12.31210480952233
10.692192173063304
13.093767933210067
21.733687783047007
16.659524069057717
13.839420760149247
11.600900832484017
15.692564829666905
11.620702990480556
16.737648757776086
11.84207524125099
16.390700523858115
10.963462093216563
14.003353030006354
12.644247357626112
11.934939452430507
10.444223309505611
9.51271164719967
11.165151750135891
11.97559675857806
23.9541324010209
14.550594096044001
15.116708906126771
16.883606303928598
11.27958970964427
16.807950162604204
17.104009009459762
23.191337719692243
13.32218719672263
13.278378527787009
61.663961685775604
16.56432105415788
11.218832513461678
10.224231070654778
10.22706181698821
11.741715107626277
24.22559890989813
17.128187843343458
15.079803019903528
15.643149435149567
13.310079604345978
15.011984679537974
13.880147593452124
10.65400945604786
13.50287236293852
14.553193144377925
16.342665901974087
12.415442605021093
12.552410606463582
9.907039697358014
15.259481088682506
13.366790039862053
12.373033712473871
10.443369325134372
17.21035341647012
13.344992084040507
19.338516040812827
10.299883065690961
14.95972557194926
20.72946254687464
13.310960635979356
20.91079488793474
15.04593595328401
12.458198215284508
19.90904359959284
8.28427634505349
12.268052699839245
13.651461832719008
11.745085632715805
16.753454166559266
10.37011219176372
16.90160980971583
13.642056659005325
15.036223726912409
15.285814544043637
16.019881123879138
10.904526979437456
16.48971546080849
14.49366892979153
16.41361409441392
13.403908182324244
17.33732827055835
13.627105497614117
13.569834348923749
15.321138104288186
11.052452719366677
14.822734470783546
12.148521319698498
16.046112111572942
14.20510924451883
12.909769200201739
13.718264317553896
21.30629759106061
13.496446077350937
12.385258007283086
12.121279802128923
12.74140946439581
19.238301772305253
9.76661694687515
12.235740735396538
13.57919790699749
13.422963393693887
13.350492090443574
16.21566059931528
11.633584073097424
15.141807591602117
11.824656713585316
12.516536015549613
11.724725693948512
18.277703689560774
14.765182805783278
13.074090382386592
14.89364928032737
11.686813731631974
12.082700945175809
16.880230732043184
12.13957240881392
16.575618432186552
11.373436489689633
14.415950926149813
10.58997120490705
11.205362882777651
13.537472053819902
13.688001287515426
16.361250013698605
11.255014224355623
11.523364232390394
10.749089754423178
15.314231175078609
31.605226005618725
9.966487094671693
10.877685026577856
13.438785807530945
14.159396028742004
10.695813981623779
14.934730117926437
15.21841553725958
17.30854058820348
32.69064069881651
56.114624745975796
15.535096935103436
12.01995960056533
13.841767587011809
9.994281926130729
15.984251623609698
13.26536844009509
9.845581096321558
9.192389080832463
17.61430603579265
12.021361047395823
14.21675235454248
15.984645307419148
9.481724068665807
12.269877417873774
14.977526779398268
12.026297701873636
18.44552480690005
22.01638472983862
17.509532247091936
17.858244216125456
13.941507603590725
15.549134724255117
18.911440674023286
12.585966245803709
13.680462869521492
12.735407414495866
15.702180748662412
13.158841485581362
17.123500620646475
12.76915200539584
14.076011130967018
15.856170917837188
11.271294951353813
13.19683282079696
12.966099681056079
14.749049359250877
12.224199940308402
17.225598789803232
22.14143106488782
12.847581734177277
13.358640741440558
10.259571977068777
11.046055781897119
13.449622008790344
9.525434050839076
11.873811110499215
13.052886216921696
15.259577511796943
13.90110970647639
12.906615769137787
12.48537449227041
16.064494889650813
20.75320889848177
12.629646953219376
11.654613941259843
18.977354678001788
18.564803387503982
10.956151505170178
17.008910086305278
14.241046579834604
15.197857023060278
18.656098655490826
10.172786820841003
10.557081024403931
16.332156576820918
15.40451794456532
10.409185302875432
19.729419839089875
15.27264216945457
19.090711181888935
12.021470898731577
19.750037591838648
18.130094369182977
15.227095525594649
14.843860966138704
21.31793472783664
11.313133956818012
11.40068542625648
21.885710455409424
10.811239475940706
12.41370004757607
16.291596090924376
23.430265938197948
12.285288962329492
15.332543990051946
19.88773035887368
12.257285135417023
11.69987520185743
14.048204300980377
19.34487520241682
14.232678608051168
15.805601997587708
20.596789388509364
15.751558111101751
10.783156067733604
11.280120885684566
13.587369016164489
11.355769225257761
15.298591118167634
13.06243754772202
13.816487492757123
15.551811755589862
15.769189466258474
10.498307309265993
11.241774719631023
12.493547614137078
17.7607855937461
12.985205395044227
10.4309203585259
18.30045345406616
13.889012827254158
19.779102124872598
22.046334388343837
13.73311081683761
17.975810448627424
11.611725933342207
14.206668753816345
17.319217632649263
12.113683132741642
12.186187571888965
13.182170655355758
9.626111163664131
15.802691610381917
11.551561400935281
16.505242310660325
18.142907572792982
12.2939242213583
12.136106290795386
13.923044001525417
14.366296071466042
12.13634857132267
18.440816263723754
12.519759483491894
18.955703458036965
14.379391958987718
13.906381666148212
12.65365953505872
11.28071596759247
13.75701025234434
10.901298214221653
14.262836976887636
11.87415686160475
10.732323210743871
13.09784415865143
12.165434454966391
21.74672816632159
11.870751323713204
12.786785842037752
14.880517921338958
15.752351940566275
14.970736983378075
15.694631645353008
13.405222648997082
9.943246391577977
16.79357973098358
10.422806876397717
10.489586497043808
16.69986564481144
12.926288341185517
20.02195118727416
38.24950315122168
13.90697376345905
10.026361679675645
11.30765763102527
12.379133854515226
13.981067154566947
14.911728591186783
10.912150465510043
28.199667867757093
17.77200317400675
18.59079190696117
40.58729954055897
9.096732054653888
13.036449467641226
11.078021588792371
12.137901737722656
20.91785977873045
11.005255855395491
10.369534839620323
16.24455720787162
12.84105936820463
14.726881640757014
28.768551091702484
12.895279133674606
16.445923454051094
15.676797364900171
11.897144700018055
17.593033606946783
16.01935242297941
12.88890027895254
19.00954385829441
14.874682469388564
16.90385107879948
13.54263407818757
17.438310026974573
10.883395702482279
14.09672219238519
10.396022211365217
14.549660999196599
13.360062592534092
12.546498056658722
11.870991051889112
14.695250231193295
18.201394280106673
14.24116568627004
12.861439370954564
13.702332796559672
12.069814313076332
13.424500641111132
13.520810841922502
15.434562819918693
10.28453484469163
14.115125700569525
9.142287168559818
22.696233008857323
11.667166920387428
16.453742324633765
11.465708953893555
13.411367293195186
10.580522320526343
13.898142862710259
13.236953035656233
15.922500114472012
21.701824458009597
13.933874386569531
15.630290388909701
12.351242513639708
14.476384779795973
21.073789435845843
9.684135920791
11.728192633863102
15.370136223070626
10.84518249366625
13.593440474361987
11.69692624351627
30.422564525960702
10.773933254745083
11.14421412387523
11.768255738108243
14.275743497579883
11.444426340699634
13.337072598234144
18.664763084361738
12.301981773756046
10.093730146435345
11.366720252462109
10.461017601719233
11.55268824302964
10.50169052985041
13.181298331266326
11.56248323371222
17.092968918387452
14.931523539116482
21.90480652185362
12.384189933189683
10.540349222941717
12.072794697357663
10.8776305302503
24.92684094843082
12.631809283106378
13.767421678700531
10.842918072963958
17.211554622114356
11.31825258157681
13.248803800001479
10.226072008885772
17.504403244109106
8.637631995065682
15.469092441578981
16.0768291567909
11.684720365677931
16.589149105536993
9.574420761491956
11.474213432729481
16.99866438400402
10.56907131028177
11.199762640927128
15.55222171322404
13.904079693828068
10.924536214097536
10.99788082936214
16.886042854574132
14.50112199463112
10.768814977148466
17.672618834326933
12.556062137284682
41.161096250444736
21.61631218007567
12.611261559619829
13.44091953593418
15.345915559918353
18.13362630974937
14.455722325103732
10.880709348672829
15.417965067114544
10.51185432639677
14.410648269772736
17.692218385565614
13.428009118697604
10.421283372848192
13.425934735285438
15.636931176887897
10.609163140225089
10.612513007412065
16.815153936380916
13.737996801974843
14.79358538632995
9.934297662324742
11.403022310914126
13.677302528630866
12.926181666137618
16.32191926729233
