3.3991352417846006
3.3910856615902447
3.376768926523661
3.4561616976322864
3.4285499810346622
3.403504518916386
3.4138163215585213
3.399642950999512
3.429251408407168
3.369217964018471
3.442525650305244
3.3273824689322353
3.417058300917548
3.4282538185299396
3.3973848545091356
3.402187642181937
3.3534140974915223
3.4184671319903117
3.4553647887274783
3.458440205444445
3.3364102971194494
3.3935149600430523
3.303977594592898
3.3557072684147307
3.46661163039146
3.366967732140533
3.534323697474411
3.2975181549624417
3.414438755954869
3.400533227460676
3.287920783814625
3.304130600958113
3.3829057291345435
3.3928356568687943
3.3318283473497043
3.4622751702340135
3.4261099779654676
3.437269943581242
3.473046411594178
3.437106467713589
3.364124340945642
3.3707675230238094
3.295015760022818
3.3432296979231775
3.427495544495492
3.4148835166990907
3.4039701520738146
3.4282852286115393
3.3401205713573847
3.4365896725223966
3.4229579868309403
3.449109540176806
3.430104060607429
3.422104371188321
3.439813199963596
3.5229750056199616
3.454873084178012
3.3452112412583053
3.304369610097497
3.3685597200323367
3.4088016475437737
3.4037329066919364
3.358826818223624
3.366823344386419
3.388272153152063
3.3177194119593434
3.3496850937378273
3.3072336373479407
3.4441109649985613
3.390036645382141
3.3292731911124505
3.4293542328785835
3.3999629985787543
3.3596745779658734
3.382880976642404
3.4904985461414575
3.3461973794885895
3.40292529524424
3.443605712759097
3.3880711655793205
3.3578093391667574
3.3362814076011715
3.3944466347724447
3.3384589493474834
3.53188263875751
3.4359815911653353
3.383621182702422
3.3437203015112313
3.3523441939374394
3.3827065494715365
3.4496056790286618
3.41889460157031
3.33660405779425
3.393631712887459
3.40264722229495
3.365529177705569
3.4008904685048025
3.489014407763779
3.35332742290785
3.3989220497601558
3.3756407341580057
3.3225162918176254
3.392235888826958
3.3935962525518653
3.5340177059834956
3.440553482007177
3.3299981358804613
3.2723425111657263
3.2814171579555196
3.4724604749009136
3.3577125009104227
3.3368809423706103
3.3303163130977413
3.3298261031077803
3.29572084195566
3.4329056798112805
3.5150547186016943
3.4703353175190657
3.3669796123563516
3.3657311201901305
3.364647576092439
3.5076686547199336
3.364804901913051
3.5087856008988005
3.4863991839980217
3.309446303231365
3.4493378351098607
3.2770955950704783
3.518101325060896
3.4026888148959897
3.3824696151917566
3.3928432540679836
3.382309093496026
3.44959599249107
3.340344781228327
3.44027268906861
3.3352242622091546
3.54465313433383
3.340796713172803
3.297791972193562
3.350093922057676
3.3629943247272265
3.468299138784994
3.3559426279639286
3.3901648181645894
3.362291061375288
3.292326770989665
3.410991420460955
3.53208373091355
3.422312390735655
3.451610129143845
3.42321061483987
3.4636995439791796
3.3787075076118045
3.4345658603088056
3.4113413150874203
3.470905884986673
3.414959755274343
3.440298134768265
3.364621507717853
3.253919884179172
3.5232109162899627
3.3353696892435014
3.3862135471224173
3.4282622152274733
3.3958695207161336
3.3875494696378383
3.221254487436455
3.3322229190327066
3.355345097738998
3.4339631604606056
3.2837751029374966
3.4867667307794923
3.3496393694270483
3.579676499882132
3.367913357846779
3.4024473469004555
3.482326529924201
3.4279206541599545
3.4903520454008534
3.438351649677896
3.4216608956629977
3.383841672369829
3.3780173189507408
3.3404418197641323
3.3913510424427207
3.477631210970453
3.3386604988110276
3.4233751628527145
3.344552943035413
3.4318133468831067
3.44697217208393
3.3746225160771792
3.393746284582278
3.37671767068154
3.2816021928641805
3.3747304568748517
3.432217640483517
3.4334173349471815
3.4363851388214472
3.4621769894056245
3.4268588487678056
3.5091961546647483
3.381780615761691
3.3832757255983044
3.3804828369931084
3.4184821325868913
3.3947198711372906
3.4560732255049347
3.3841596834869065
3.4569524331995347
3.3641409981754733
3.4404195360878056
3.3278565002516807
3.3742598277151346
3.4065949603740924
3.369482426908192
3.3379844228951896
3.3107228730063514
3.4326929365521095
3.4157702137206476
3.37167414763141
3.4430291460606184
3.3042766500660252
3.3494740817447832
3.346216507940189
3.4355363941343193
3.3382468816864703
3.4789543007938044
3.4081039741212575
3.341354853111691
3.3422335042410354
3.462938963618227
3.367316497099756
3.4330075283614345
3.437018615582217
3.375991407281537
3.3285871850690993
3.404383170308833
3.3492718451884067
3.481938588719269
3.385328921224013
3.354378828961864
3.437490479153951
3.4561469088911294
3.4317670254542714
3.3368240355244447
3.4037067578208493
3.2805838587987775
3.4283012399930564
3.4626900746448186
3.465290949547122
3.2405064327707382
3.479054292686214
3.4659193238812427
3.337568510442116
3.469295490974216
3.3706203129613437
3.4294782975096805
3.40206937642929
3.48882982261675
3.4099583919954495
3.3709572976001376
3.4239777092816803
3.36694594798796
3.322680051748779
3.4504968163645584
3.434142389973705
3.3138534591235738
3.4557699583758144
3.370323089374058
3.3749838218208015
3.413967365905991
3.335267897095445
3.41287995518393
3.4737785686127083
3.3924525835342854
3.476970067348994
3.4838141791179003
3.4260054282783656
3.435824459597553
3.4286074518074545
3.421720839647602
3.431826423204456
3.3522175465336193
3.48978557965423
3.32882506265518
3.494903548509752
3.3861455810582832
3.362602617722486
3.502790277695306
3.379728446159271
3.42679913747342
3.3477028676729783
3.381230868771593
3.4003133423924856
3.404008557933984
3.3901804338722568
3.355550404578305
3.3204308529031756
3.4379362932625335
3.3926097388083254
3.3990894100162135
3.4676982299162784
3.328182462208891
3.40600974466723
3.3935505300908546
3.5317769380225146
3.345151289194939
3.3775474135936956
3.4249740298534594
3.4236665504405472
3.3353594610240966
3.4496462852638263
3.479671670196754
3.382003491924252
3.297462249737589
3.519560407767778
3.367598447262043
3.3994625747110048
3.363708110032091
3.378565731848299
3.3765657087526266
3.471785715015198
3.510167940339061
3.4167267592985877
3.3358721593861467
3.390048713385761
3.4785677028897592
3.389996084487775
3.276162740822566
3.345273288002345
3.4414217511060086
3.4397693553380653
3.398572195764812
3.434234811742615
3.432308563203615
3.450087955215413
3.4217511416258484
3.475898875810451
3.465051799234531
3.437745384308927
3.386483016025192
3.4624237595653433
3.437578836730623
3.3771407163610854
3.318463871466681
3.402047636165085
3.3106207208203497
3.3807257486995024
3.442832504020383
3.351188737870421
3.4805734471886898
3.3742908060308623
3.358504964504539
3.360284681072326
3.298659522066497
3.4808199062690366
3.307174150925314
3.3477026346159398
3.3656859803538373
3.505429388723787
3.3181063232491037
3.421197984611622
3.3298623537129735
3.4152947239272713
3.344473838450026
3.4300915014286404
3.382269498745516
3.4616469990024643
3.4461713618685534
3.4477145124534783
3.471334529010475
3.3654326734171294
3.3630019398287168
3.397559662592271
3.387114085829307
3.3415216280193056
3.414955226649093
3.3863837574033884
3.3607937543705617
3.3454678640758937
3.4624439321832945
3.4105260889149935
3.4765474486631285
3.4283482188807155
3.4046276467012278
3.4458605592280223
3.3459388468605176
3.5130523916302208
3.48104835277527
3.483313813817016
3.493010254320692
3.4546138593854185
3.416442072572219
3.4911080951254574
3.3323193435349507
3.3795983765964883
3.3558690945740475
3.3713173895539224
3.4119812357050234
3.2415929007318605
3.4604081065738197
3.387645309149287
3.3608629591379104
3.3066516619293216
3.3181644081794253
3.44646143164854
3.3654213498505676
3.4477737248985605
3.4554546800611274
3.4180488563922147
3.304357555130865
3.382269802790374
3.3993087145438072
3.4228022394295805
3.4082904327969503
3.36934380926958
3.430455968848266
3.455619540020693
3.363981092975225
3.426246517152947
3.442420765546061
3.4455737543999234
3.3588809722278032
3.328526623283259
3.3657551410321354
3.403573348104523
3.337538131751404
3.324474534571624
3.454095150623251
3.337794191624693
3.407167074715001
3.4276321755408703
3.2708311155014083
3.4518894928548143
3.4163955974223743
3.4036476675027707
3.5617514197086546
3.4089167280519845
3.4808487437545135
3.380779880032792
3.4634724442621674
3.403757410669254
3.3563445586380816
3.386617759170309
3.4450743133414323
3.443112151520772
3.4051212984766144
3.397579914515466
3.369982044441102
3.3908958167874386
3.326756402696606
3.3221833489155586
3.246079296858662
3.4573332087266913
3.4013431298821675
3.2989183655093344
3.3761346213849883
3.3761733688519224
3.3228435714159366
3.465790476072637
3.402957187244852
3.454856949765802
3.3900018566882073
3.5089770976362193
3.346724070679683
3.3906381494919904
3.405558505433831
3.431153654150931
3.372173507495953
3.4139608035163174
3.40108928037326
3.4536092455511276
3.356057945187822
3.374868086188136
3.207688222768064
3.408505634066656
3.4220813821422054
3.4314589466408045
3.454585474106124
3.4606005421023043
3.427024228166018
3.4143611344821627
3.2813295514551366
3.406711207000458
3.4295506533884157
3.3639822203373724
3.366368177617479
3.326152388139253
3.3342067118463605
3.4362295237623703
3.390251007028014
3.489368909657332
3.3711401454133862
3.5071539205526885
3.4533568631090357
3.4539466276221664
3.3901940681139187
3.36318235932883
3.4953233713743517
3.3909132446605565
3.468646824626507
3.4105863698307783
3.33562893148602
3.3386567217380674
3.3239890454197885
3.4243459849273257
3.3715415136954965
3.403591936345774
3.278338275893045
3.4293397005972013
3.41735869977065
3.4625532062339035
3.365793617204934
3.351255733122085
3.4701154773239056
3.4106409245518625
3.3696969928440956
3.3495563421824044
3.525452883806105
3.443714419387854
3.3947123630085727
3.365575620733156
3.322022267411056
3.4614858146281176
3.3485207860062136
3.3294589635573946
3.334403451386654
3.5347748275439406
3.3409377655840653
3.4756678809490635
3.275196864565833
3.345006976267404
3.403267625005354
3.371038994181073
3.3984822189482036
3.416127087878885
3.484043043669723
3.4076130647333565
3.536664266715451
3.5018047331661473
3.4875952234663723
3.289140823572269
3.382495402828888
3.437179423833146
3.5181614500674376
3.4614163152270696
3.378564219247594
3.4982733321199406
3.3837845570509435
3.469355002816936
3.3978753588755666
3.4461944147586987
3.4096543474669123
3.385761157480807
3.424547562368289
3.4062846156820354
3.438271010374487
3.3009062722883082
3.521351213059631
3.497637460876516
3.531070185776567
3.4015124030814565
3.3719329209302975
3.392974909177515
3.386360660778036
3.3753581019552117
3.2865808554358136
3.502643020184589
3.4002275670499693
3.3105091237091697
3.4299040757724075
3.352930872098652
3.270418243481944
3.394954455327171
3.4479234275771646
3.4942273060283022
3.2600839770417034
3.4437541031677736
3.4225151265181224
3.5015717550873675
3.5325105479140886
3.348953956743254
3.341596779152626
3.3702355523608674
3.3660514901545886
3.3918560852012845
3.3369425748206027
3.3455448475800385
3.3617785100179263
3.5196199944946422
3.3909054180380696
3.3842402070691757
3.434799479186934
3.381016151508928
3.4056231807229977
3.4825742623629834
3.3327902224301096
3.4442495325089437
3.497388720168921
3.3692407009379894
3.3356357561770866
3.515005314916627
3.3296857984035935
3.4032007583553394
3.3562184568346454
3.414018692917129
3.3465926567209223
3.3737133296017268
3.349206494475355
3.4153311219818163
3.351167579818292
3.448850005112002
3.3861906993630755
3.3875906578867285
3.436878109223818
3.2853369748329886
3.412513458999522
3.35784613020441
3.4874322276165546
3.348743595264687
3.411486218476497
3.278862852978533
3.4596268760754447
3.4574894445756
3.341084942063584
3.377141964828735
3.3920375435054404
3.295915397982808
3.407535562660802
3.4013365276059235
3.449778456957775
3.3378456520279722
3.3202763568600457
3.439106757167173
3.333953425649903
3.3722267135193515
3.4180742474561523
3.458087900226601
3.3249499167503744
3.3887098905002646
3.32823563069388
3.424198435536898
3.386180360603755
3.3319474745209297
3.47326470929604
3.41759161278344
3.386259279756092
3.3031018226165654
3.3498570639921827
3.3594728738424995
3.474403586578291
3.46128686550122
3.449314232428473
3.3419829693802
3.3786666419157765
3.346239693809908
3.3629897973532668
3.3674606017470357
3.3503262910005334
3.508573559858002
3.392697933495066
3.3316137087963686
3.3642363631738377
3.370349884371966
3.406489766608675
3.3916070533008393
3.4856588683164245
3.385122048711212
3.398904341819181
3.373234979414058
3.410773089454429
3.4490314342983805
3.467398006229616
3.5514805161338727
3.4029620541220673
3.3614011470544494
3.466154998860878
3.4201495332113816
3.4506574993251102
3.353155057037487
3.4406395860182433
3.4002084215262705
3.3108723173864125
3.4079286472548094
3.456542643792875
3.308627013517642
3.375030720231658
3.4459102663611993
3.365101825742207
3.4320533480590103
3.33843484821874
3.440101672758085
3.3499153617848503
3.5155193330152814
3.37579345404114
3.372563049691268
3.418903329940635
3.3747086218990043
3.51357367748046
3.382102194818214
3.3767413098112837
3.4488088545373046
3.4006562771862656
3.38763693550207
3.3830729437851907
3.3244693546832473
3.35571785504844
3.4045199769950836
3.2397697699277064
3.350350234223329
3.4416667340120446
3.3962101772564712
3.3120125233312003
3.3617738978372853
3.417347359307826
3.3506457870258215
3.411040580299317
3.3983635442242406
3.5220381837512433
3.4483746702546334
3.3435009912515214
3.3012850676104972
3.4594652037284623
3.3808946514465954
3.422458349001486
3.367068644078275
3.4780799116455294
3.4745801871656634
3.4476596996490367
3.4220712855836024
3.49469813525128
3.3976493018383067
3.382792305266764
3.3408168574961556
3.3727120826512103
3.356283938192285
3.3841055155372337
3.366404439379765
3.3541841203649394
3.3356367523188704
3.4363288289040947
3.3808519515551256
3.3328894529215427
3.475619617434749
3.350423646420368
3.3556117867718296
3.399021250276594
3.3908856577198443
3.388944727343824
3.4324011809037884
3.4338583037723343
3.357314236623314
3.44934279591569
3.3902223344841733
3.3736525744280628
3.406883349586067
3.3950191522909057
3.3922737640701786
3.3045799814561803
3.365193183856391
3.3757490326623367
3.3262146391208245
3.312817195496346
3.422585517758947
3.374319372184528
3.4345387332482122
3.305952381987897
3.3614741089791575
3.324298959812359
3.3738740165386027
3.452730673236144
3.3725371116953773
3.37855144535592
3.476077723922592
3.4223798490988018
3.3789693019980955
3.389950631108328
3.4289377731506017
3.3550828031273308
3.379539667316055
3.433707103832132
3.4284420540379354
3.5387316586807738
3.453931498391411
3.4138593748906145
3.4255889434996507
3.415875824101103
3.346740203479435
3.4046776772598255
3.417148765893858
3.41592884436934
3.4161299257501216
3.338050507414563
3.430178497485494
3.4756917051303198
3.3415769791074528
3.3667416842161297
3.430173881891834
3.3118005290256
3.365821525339291
3.358383769212531
3.401636795757375
3.391560205816282
3.3778909235715293
3.410557739432658
3.468649727862077
3.318059062466337
3.428926282201201
3.4296682820467064
3.4187415652841064
3.3752536671598317
3.1714445403717977
3.3703116270599205
3.3874839722384276
3.4026877860061995
3.381276852049288
3.397536226593428
3.357488857812094
3.348266674589469
3.388864048116878
3.4435799356236574
3.397628246084458
3.3895535182088863
3.423875799167462
3.384197725169022
3.4305408468053167
3.354682573936286
3.4675587905362955
3.4656144197812946
3.3490523678158466
3.4384439867013152
3.3607145021115534
3.48202666751833
3.4054799432203433
3.377625759138641
3.427391823231445
3.424588482570276
3.3784370059872564
3.4566874786828627
3.412746122094898
3.327063106593446
3.3906407246496157
3.5319612238728695
3.3900421451955856
3.469139432408065
3.3604319573695247
3.335577178523043
3.4286594588941086
3.4006164091850537
3.416657550216243
3.3707399072801563
3.3661819062234684
3.4003262292674328
3.4922229014083315
3.40954985560103
3.3709941213003733
3.3941537620175186
3.314788215836763
3.392751433423448
3.459891750355254
3.4075859168862848
3.4069741065947836
3.3465813129241244
3.3798778054736305
3.4223987806076974
3.3693585398637
3.4094808087457626
3.4159241286520743
3.304175367765336
3.4184442963752497
3.4445460409474253
3.329693154297535
3.4569670568035975
3.3776932320911714
3.409962065849029
3.450646810004092
3.366288822431336
3.3067153263216227
3.350550352806408
3.3941646896440965
3.398967069935313
3.460047698426276
3.429851522652127
3.383508113940496
3.462644283443273
3.4330501283057147
3.4322705045663797
3.3907216488807106
3.4566881704222667
3.5829044852394074
3.2848513454078807
3.4009170601620045
3.4076961176989156
3.3904928351624544
3.471967738803695
3.403618916557612
3.378631872467572
3.4221918956463115
3.353430934632661
3.5204965607678753
3.2525308369449673
3.3539124181587887
3.5277742306661253
3.4596555479672273
3.4884823920993964
3.4283400881498283
3.4852650828430662
3.4779766245153483
3.356465109360743
3.468258962231359
3.397288274117817
3.4257571441784695
3.3573265154238476
3.484126662637516
3.495082312164182
3.4748200183719034
3.453959271109213
3.403588378082412
3.4871716344358283
3.3734384601007656
3.3146926393631975
3.289910008335094
3.414879251705405
3.4462091938086545
3.484741774062212
3.430819037411222
3.509196455519266
3.348506547504189
3.4254246010294684
3.46799202228487
3.449959186573045
3.4687857599000522
3.4551478889083898
3.419290161675941
3.4369615027728333
3.3659997364096323
3.4103487559264254
3.4235755980374294
3.499544322065395
3.378500676014258
3.4892563922800153
3.4473766318075567
3.532478368944799
3.4080393482699836
3.3744760189858254
3.381253185265968
3.3622137877119207
3.3115841608593315
3.396877140835045
3.5055617086841937
3.2964969171932994
3.432430743920064
3.2818209396884193
3.5485082019594207
3.4498914102125404
3.3866137483895384
3.39705407303101
3.296509007179086
3.4404504194153196
3.4715259733159063
3.323374977258887
3.419605986755373
3.4008858953811556
3.4079517190163284
3.3757761022718875
3.384196923595396
3.4434861206103724
3.4302657735396282
3.497305460709344
3.4865508701590384
3.3395174738354254
3.415353549953698
3.3629847521414242
3.4244026924607067
3.34159218511681
3.319407290505406
3.2779125759909213
3.339488025508899
3.4567065470497074
3.5329336263867277
3.3979052261225444
3.478133125307128
3.416776795209778
3.3268074695829806
3.438017179824984
3.3554754386699304
3.441449818559798
3.377073737847883
3.4921747732365978
3.4759474133681922
3.3644215695685964
3.308508637688848
3.384872190368221
3.3848519740343956
3.4669289708390485
3.387314767657136
3.544891212167315
3.362382884613143
