30.663100693406243
53.79315556521517
37.046486316438546
41.69585946459385
44.31415231634322
42.959056935038824
51.12640042605577
39.69603833556997
44.20037172190249
66.2300765755474
33.4732360969018
40.19454326817848
46.42538180517262
35.56684841271264
64.83409771459841
65.4084136775505
49.94152847178984
75.22865542203607
38.49592128449152
34.57917822033211
35.35141528960948
93.14675291270282
38.69917687737031
73.89264336916331
36.41644028881661
81.17039591389404
48.50989277164806
42.53337086885788
50.05444249584251
46.48258760772793
73.36129827066031
80.2969562186231
47.41888367964627
45.150261712910904
83.58766860137673
37.055633025564994
38.574672081944506
39.57361518928215
31.3159979736966
35.68980368089991
44.598414178347774
49.61505364112809
43.15107593762634
54.74226453429808
46.235444807680366
38.88361049792712
58.27121576780873
36.62973391145877
79.33768372998397
40.83119314721899
43.30661011537898
42.096081136702686
62.247691401054034
45.87017477011167
58.3527560537711
38.14881865262053
34.03730621455208
34.19339544704208
55.39324885904677
39.10281069272418
73.37602087008088
30.33942245232663
53.704106486056574
43.844309818598475
44.97600756527164
96.7863104288404
45.42371522496607
47.577570747297464
43.84235506118803
62.13703490018333
37.010512278217746
49.78231943839464
55.99857189286005
53.72053033260768
39.13968796429206
43.22966813511144
34.36501501716644
53.97033541580223
36.18587714502258
44.75618848045605
61.526302772415505
64.24845258117082
62.47810531238946
63.50795565839221
45.39722321952073
52.06378068664209
49.61102405482099
70.98626881028868
54.12639609418798
55.32615826312875
40.296602462601385
36.479371007612464
53.5669220309933
37.98417969612898
35.061636281375314
60.761632621915055
42.0714768224818
42.80097973957407
72.16581323322038
48.295727904090555
42.769793423476436
55.132177055621575
41.18304760413206
73.20297899929128
91.44927072640307
47.03475466919017
63.981426200791596
57.6883303262991
58.36380005461839
42.86167053570044
83.05048072072752
39.28611936073739
121.9322034863746
108.49539093802231
59.31269727975318
46.385825165147246
51.394719745510955
43.974645145350436
31.68544511241655
43.99167660214087
51.997292019803865
32.415378258004154
45.92927651942228
42.07609690043411
31.204168453003785
66.8754729536436
56.74833833705472
40.668281008096386
39.02081557032288
44.13718144253213
57.53663409819623
40.626792739966966
111.8972080514442
49.564602873677316
80.52677658616837
37.086417727613
78.21565691594314
59.07463027117581
42.482419450878716
56.61284772668654
73.80509178254466
43.912453439606296
76.43510033505964
90.04280736856033
45.96126057542109
52.6906768771603
64.45252492851775
40.83413091245845
34.46703264005972
53.80386982235936
47.02143903361253
39.84919309219116
40.81774727361282
31.553250501916537
38.418670146023636
50.34633410312438
40.7653061451737
53.50018434607547
41.9887303839627
49.802468191971094
40.94544485227065
35.753010020573356
84.62034605170906
49.38997365898008
46.36358305009542
50.98146330907394
59.0396836742446
45.53625343043485
43.222009889333066
51.34244570437211
50.38569424702236
45.5461942050882
43.61807670162581
38.88092135641723
47.4299986110557
74.08892589693382
39.34369836999729
45.7806966117283
53.05432204765715
40.4923376358251
50.860778535904835
65.24905119862406
60.685696808899074
48.63488550256282
35.19804828533987
50.95294255536636
40.5239596094095
61.44744295629214
56.378958976284984
83.19079094178319
60.54056762324628
49.97138372096133
46.573801654066365
39.968946960688264
50.74283708543843
42.82185592631122
43.97734823117199
55.38084215474205
49.94106817929578
55.613835081511226
42.34258754376165
86.56773608509873
60.14909146645776
54.306137887808475
42.93777913964402
50.50633444929622
33.82862206957936
41.94627095153605
40.60605824764498
49.358119935660476
35.20025497093186
44.990175118697856
35.3793252661803
42.76539402289171
44.61928222987328
43.498956071074154
80.68892865145725
44.30960609700815
53.462847221051376
47.97316398739
38.91481219926535
43.3482633204883
52.716676191403
48.836086730020945
45.12979441758373
45.809717400253156
33.54224544641472
49.78798269016637
54.962656954221565
34.75869739430854
57.270434777763
44.30902996705303
41.30199782224654
53.86628002354686
58.716956299657426
56.51814417876075
67.58776929254104
41.33877830625944
38.68321903355902
34.26302603283993
42.50642715577715
71.0272989483991
65.70707264023763
36.87713570876505
52.23989302178141
44.621084988208544
87.31873581890184
45.29551429878106
36.233494889843925
42.686557379187356
58.21991341878666
37.94603141969956
59.510419017951406
96.36618756554154
43.83513939907936
44.96559343670519
42.663291821029986
42.08747321436775
41.14796270530463
45.761348302695346
39.32009917897088
47.349322378326896
46.68777343951358
57.84004619730266
66.0011826326781
55.18877983778466
32.632307471293906
49.69698883438671
54.524021686570926
50.42743029795991
50.77824383619199
42.68745295867371
33.48989659119482
31.029264271308218
48.11437077675924
50.783748193680154
51.54766009335129
37.979240461590464
37.274115136683825
52.13061549532959
42.032419128296624
47.977638170159516
37.0458898923186
36.71663924856383
37.166944211125475
46.009901341683474
69.42353179117968
49.74277468317587
49.975012821236405
66.67469229448399
47.22206992316582
53.0419670155634
44.150710407256746
46.145980473028246
51.15041491046598
38.837603031606385
43.05977077337431
55.69197343419966
39.77458639651906
53.16431364850489
40.08433799877668
47.65420829065972
46.19215363718502
31.864828466473075
62.89661818308215
56.52542204667581
65.6860725949269
32.01298531767848
56.49894694039796
61.01432216627923
35.2359758109477
38.742960176237034
139.68189480800243
43.086599151539716
91.10255709217805
39.808076636125016
86.95503488782744
46.403505492124495
53.021589135193075
66.93908683940887
40.867979367516234
77.88999082127326
39.375862779346136
56.65052708953182
49.48931594227567
35.76759324610152
58.789045003037536
40.7497992317897
44.20566635331567
43.62558313841354
65.11995548456733
62.13435978515652
52.313330901538
41.400112289068154
54.24146977390633
50.337529831330656
37.02939549996541
48.83799382538978
70.55792296255869
36.537615769044564
39.23625473141183
64.6469125427576
40.693013558643486
33.50466948142075
46.38557771558299
61.39390405711209
41.6293193675656
93.44315538729053
81.81416965078628
61.25884192493204
56.607659137535336
41.89235766667434
39.498732356124684
46.00089134458953
44.040349416157234
71.74293275862668
63.57492304133946
33.154078743700545
75.31773184420528
49.517269134004344
37.69276575049084
39.11317987965627
59.258170271569924
36.31083477376255
43.8798985138957
38.168894900195745
48.46628001331711
33.90934295936411
38.988442524317236
38.861810499215515
50.08687429544161
38.924349591990776
48.62022637874213
44.47909373467543
45.918135642379745
49.00728931984256
81.90954073618208
58.21774623189411
46.97807258909493
41.133279532564146
50.98676113370197
45.70770838497384
37.39443047585196
66.38400493111293
34.323685334483706
65.71248705714524
58.22319207436217
66.04218621120046
63.016284232946035
33.38411619629562
35.86651392542863
35.305094763633036
37.029524859138064
40.81181563038573
56.577431111683424
59.978605768112445
42.737350922911155
49.81628271491505
42.22284587034681
54.6627796538551
49.86358710452601
64.45904318546718
45.29207528725098
46.710196608931575
48.396237610003276
49.692401817400224
80.20707180665309
41.76963368105945
64.1134248254823
51.13074342215666
40.93019756134713
46.06021800064352
39.08768100486663
33.70475047900257
42.83596016557849
73.65127209397667
56.10413884970048
46.16342113233443
36.68447166289196
43.16037299233331
95.29531750708878
64.67582999105804
76.67595465373398
50.222646819416795
50.408797387812264
43.143752965192185
39.84236496381906
52.741901158755255
102.099564494018
47.04557426263379
42.268125074007486
52.215811612230816
42.57868827728489
56.87674487272375
57.050401401582874
63.72772611149171
45.26832606729466
44.653598151185534
36.94522800276404
32.168134058480696
49.09559274441114
53.27100538377012
48.646774661378856
37.67994039864663
53.08358080579599
48.13560449540603
37.16094237772375
63.83434886857376
59.2054508878216
50.23643725799674
83.06145318880505
44.920204276192194
42.480389808690596
52.3565615031508
42.32838630331293
41.94767186450066
59.47663411026888
49.72784743617343
141.15863620568476
54.612880625383085
58.315605102888604
53.36286126072829
51.13148936076249
30.796407360086384
46.490112725588425
30.29557311269994
69.41031892509018
45.970369474642986
88.59038673720394
42.26946402851634
45.62338182015127
51.81403847565291
53.73949113512698
37.2268944705954
60.96898146539587
50.0812176512947
49.61480929570238
52.27105359609523
41.84505904887779
37.777520422918
38.33562576717187
45.252140030864275
47.665672747827465
49.28086192771963
59.801377343368195
56.53317740499745
38.88906616617925
62.476938288693866
50.14986640190883
45.00772850487346
39.0580512700342
35.73425557258158
45.66070734132743
36.52202335325029
44.49284511837402
62.34143407389518
65.19757388161253
37.27590531732621
48.1474103152173
63.959051149965156
50.663042412410846
39.92050093636638
41.83654365516625
43.555865870181734
58.162211536278924
62.890338590720255
47.91828482217977
42.55897166884213
34.36140646805942
43.51951550267594
66.18624633497174
40.629752394168996
40.61083036446027
39.727296239358374
37.369180743207245
48.29293043651599
42.125679591881664
44.135849458490846
45.61482124218485
79.70420426125847
33.14417858587841
68.87851257692638
40.53346595682852
45.449065610954214
54.772223680204426
38.06427304090874
50.855594418376604
43.71036701895871
53.525411453665065
32.24056676605793
52.774618368440166
46.1149742150133
64.6368139170092
46.986280716078916
38.21760089393294
45.086053752689665
67.96252065752701
43.236126382711994
34.12812205274782
49.03419308180468
44.15908457186277
35.287841037241364
42.04129765173072
76.91475876198639
62.502157643636906
36.77859951924527
34.891401150570815
39.84623862383446
41.61912158380274
37.42999802842133
44.484748088852896
75.64003046536288
56.599922013641745
47.795227037039
39.621902904754634
53.121108116701876
39.80782350183238
57.282117673430164
40.83241932300238
54.10373108071449
38.58584639179105
48.979578373683125
44.6683504268996
40.64795056469515
35.20213689585689
32.34133452602252
37.89569474632222
40.4156852311918
78.75573334491237
51.03629653205626
51.284707332847894
55.879006785023044
38.691127413649816
56.27379339339614
56.05550213257539
78.88025366212189
45.80764334677467
46.43732840153023
201.2076479694147
57.09880898090634
38.40346803834049
35.794507013339924
36.08772974907243
39.26984441251372
80.98820716374851
57.855908110266675
50.802719290411
53.15957867825873
44.43765882406802
50.226656753029886
46.89208644020574
37.51262555867635
45.76781106591157
49.30995479119264
56.18046758568612
41.90171489193618
42.84668930993624
34.49421060189803
50.94576585038005
46.227808465423706
43.267210851344515
35.19521372176943
57.38856525445435
47.0030386894411
64.70593513038128
35.173265834432634
50.32585687760752
70.78236388379482
44.51083089147134
70.41002500521957
50.36361149278934
42.60534504636405
66.68610424539048
28.588178609569177
41.70773331353897
46.183168359988535
40.44242772876038
55.18986373988593
35.3684525899032
56.579274953328
47.57590663016677
50.38220908840569
52.1786080465716
52.548978098209545
37.78696435075521
56.981262603639784
48.48302123097537
55.42751317778641
45.49304614576518
57.14331014329797
46.45472631397975
46.352950815744315
52.974517097904524
36.95555294521088
49.15510698442459
41.77546360107312
53.582043402421895
47.901958296461586
44.16507756638654
47.778107867487826
70.76759242078725
45.82887676648953
41.27906791181817
41.58393957832902
43.26869644478843
64.18883486806688
33.883945919310655
41.92541875929245
45.99342044078201
44.3336745857305
44.72129016505052
54.73839753632798
40.41728129152736
52.35226739509428
40.80988152689115
41.89138499481735
39.684772672585034
61.47557895601421
49.72304651570141
44.00233818426325
49.89255804950756
40.96950422749162
41.045717011635936
56.51059860948067
40.87840201685463
55.45516893720342
38.76536759161729
48.92197230674828
37.11050550348351
37.937521469333056
46.118979536733846
46.43629961712402
55.78815768162006
38.89336202616381
39.98025572797144
38.187252110424936
52.1313019327945
106.31644451474244
34.5418095769088
37.241025012961536
46.4586328655525
47.5052611815605
36.91448911955873
50.73278883215442
50.48337152993459
58.981489189066586
113.24519886288039
185.8068659738984
52.61047030998288
41.51941225596274
46.538888154277856
34.30237328368835
53.37226962507245
45.68162073801321
33.112459563726624
32.41126193334687
59.23552847134372
40.84080520212697
48.647902364829136
53.854595233819325
33.33881002124073
41.518358806830406
50.69624314169702
41.51674481461343
62.92946136086935
74.92185901248084
59.565599193927746
59.41164919455102
46.83757246245301
52.94128665484299
61.59667310336339
42.21407083161957
47.1509507270675
43.77668329349172
51.97314565443819
44.242742978852284
58.46371437289344
42.78474345987586
48.070026870845574
53.9028784947372
39.43481506921252
45.78627766637314
43.38851929803782
48.74764077042548
42.213268015495615
58.188384637640944
75.77159476363995
43.24438648723681
46.498756704544036
35.59854773942466
38.14258512400618
45.993395912096986
33.268804906796255
40.48798356988042
44.200112402915785
51.00061892155528
46.96441780440654
43.42056745471518
42.297348148018884
54.28322946808682
69.54648713195627
42.21047859355268
40.0233268582263
64.41656191070383
61.811794340916435
38.105364448037115
56.965922299448096
47.79854806478314
51.84352039511405
63.42873146953418
34.666927683608854
36.209723187756765
56.14075696901219
51.8101055425656
36.08377202477298
67.03496964720308
51.583477878593875
65.49647748852385
40.86794540678999
66.9343679044845
59.8956907598618
51.273811926757375
50.16595324507587
70.92215373294333
37.44428335944447
38.997559236909154
73.77539926481828
37.20428282056036
41.177566282473016
54.8588781141859
78.1854747611715
41.7196703438483
52.9743214594597
67.36048107737328
41.42804520578289
40.698584651096475
48.15050074366363
65.36209222030283
48.37448182218631
54.27713842930197
69.20545604545458
53.37217447417989
37.11217488633195
38.72460809260646
48.017706743223115
39.179885634763956
52.16706949568618
44.775925381628994
47.00952725879521
52.247717903885636
53.642526943088015
35.93163477329032
38.40348657999858
42.71895020576429
59.320362784699384
44.59567889459657
36.28531218281932
60.920159200459516
46.860354820180625
67.82034543578924
73.28551817099809
46.18734115713504
60.381250007726216
39.48761453491068
48.608288318395466
58.645492009331356
41.43462085435133
42.33358780768864
43.719370105095166
32.976415555461145
54.109778308045236
39.55536761628643
55.801976170979195
57.85707375486418
41.41677469711556
41.144201189381015
47.47692070807971
48.61363727564997
41.352166283012565
62.02346540219683
41.92683363822819
64.31875281288754
49.629176259667815
47.42479258518503
42.884574376404565
38.67956914270931
46.573539488944014
37.42211132513519
47.888624476575764
41.14874429368785
37.40753594969945
43.88064210473656
41.943750678217455
73.1751592350169
41.33129555079351
43.553810506667645
50.22400372070061
54.01358148246598
51.365590512189016
52.98597789392588
46.36842998316644
33.94515815738633
55.908268292906065
35.43358181493871
37.09971126551012
56.667266640398765
44.88998060149833
67.56909679718991
128.08880019484744
47.81232515105183
34.19037355166967
38.676387082374404
41.73129074818155
47.210196239030516
50.93535437408539
38.11320890954735
96.12762137280771
60.000330441858274
63.18886474624597
134.7228620379931
30.8899211609088
45.1401672790054
37.90899329405078
41.35626673718462
69.9653570412333
37.40990736876954
35.49859364612736
54.671116623265085
43.88842042954695
50.381732856605666
95.03546278225116
43.95569941554197
56.76739995389579
52.48907655766143
41.13017692701223
59.523730752489236
54.56887447225388
44.41164973320321
64.1445716365836
49.39595665761281
56.6910304759784
46.11885252924831
59.596084083887476
37.641650202858116
48.50693567823275
35.163335264800544
50.371938499344694
45.88188669073448
43.18438436205751
40.2328813472289
50.77570310687639
65.15125771211441
46.78080645826679
43.78113611423271
46.578983766077265
40.96295701475196
46.59640615228812
45.97035768404562
52.24617966626447
35.227921042509124
47.25078946268339
32.26578472684372
73.97462834801883
39.22360618990102
58.23570566105077
39.709446779515865
46.82323569512145
36.35595450906576
48.54400112380457
46.35981844462749
53.4389965571681
75.26806880424074
47.332302194875915
53.5401080232263
41.5608627627191
50.435541804016964
73.65994699782877
33.66064484366615
40.560327650853864
52.10041919466434
37.65431259247897
45.844300961949244
38.762448961254215
100.01250793352608
36.79120532779603
38.455298042197924
40.9605375719719
49.0449314510133
39.805294570568094
44.784546123462775
63.96479452488907
42.73759918938346
34.84741533387561
39.392448479872094
36.177052679459614
39.48290335445108
36.10590443922552
44.32026869262225
39.50089544195447
58.60736186888298
51.88581191547418
74.12863478539293
43.37254171072935
36.31153992245427
42.76192150658491
37.13739191552394
84.01460063423677
42.72479372531743
46.19405825653903
35.921492685178244
58.49356772171355
39.678998756737165
43.65802754423742
35.223290495127834
57.542038977775746
30.677913804688043
53.23635229413077
54.32548623216268
39.71912722271303
54.75788958814083
32.92246194768638
39.817509877620154
56.568690514373294
36.22369278793489
38.27406774453859
53.329277301927846
46.97455179181347
36.94000355272746
37.93895165934928
58.041838013525215
50.750136944120534
37.40030648209726
59.02492439073298
43.04480774229627
138.57628486093952
74.08406829595954
42.16646881262593
44.67498180876762
50.314253707661
60.79112241126926
49.926986846479636
38.49895070788537
52.52522233669046
36.71325365632047
49.23719764681824
58.87697606125875
46.26986618214079
35.006147383060565
46.02482615926914
52.75381060115471
37.08368951038849
36.963962540610716
56.54411817754369
45.77024736459716
49.94295733658454
33.72689142280594
39.55497098351768
46.37127533787538
45.85605948013377
55.0757918008844
