0.6969316979271175
0.7404923336896779
0.7241588184324615
0.7020939251204575
0.7408496582416209
0.7094852090526027
0.717026371562416
0.7160878105086855
0.7152117263958093
0.7163293703731817
0.705974441500215
0.7348429232731543
0.7071526893536962
0.6893441126641616
0.7289341660990043
0.7408942348902496
0.7345683286544673
0.7285281574002246
0.700495760378342
0.7064340156563228
0.7286044267792942
0.738410578867027
0.7266172310167162
0.7482490660062412
0.698017134254228
0.7268426459455066
0.7243876659824
0.7341899189288631
0.71438739727435
0.7213988059581028
0.7411194027382669
0.7435869705962449
0.7129477892174992
0.7238471116271642
0.7576577587371379
0.7121145355159249
0.7142949206934217
0.7101499490842434
0.6921882165143557
0.6991028345611061
0.7295173360856111
0.719659599127438
0.7379526202462326
0.7340827523909362
0.7388950931780077
0.6938664661924171
0.7099850704087193
0.716267420512213
0.7516978380303067
0.7165348932736259
0.7103223834127653
0.7156590589170023
0.7334571352953849
0.7164143239639686
0.7184233787836405
0.7059700519437022
0.7029477168234016
0.7100024135959145
0.7522507934819147
0.7095627554937931
0.7085351364607989
0.6927066070653931
0.720495371779135
0.7241345452101263
0.7127738642865081
0.7681292532576843
0.733224326113885
0.7436085698561202
0.734261004704895
0.7391756579867751
0.705670632838201
0.7195233066991672
0.7319038076190268
0.7369482910596348
0.7145269340756828
0.7020700169157552
0.7182048560078437
0.7105016072139475
0.7126228419541636
0.7151550470679917
0.732876921570511
0.7381233183207836
0.7100943278638706
0.7216150051279818
0.6992718720718967
0.7122423657058548
0.7085308471509884
0.744529771495594
0.7168445282858237
0.7214898264905213
0.7080588923021581
0.7054241526053289
0.7272371078856137
0.7139052090579551
0.6968011484683921
0.7356324812763712
0.7249985177587217
0.7021193729001267
0.7319521521009763
0.7286950649435301
0.7204030686988283
0.7408226339368376
0.7344368224907859
0.7378700818968164
0.7242162493634243
0.6921020638320107
0.7488420705211077
0.741359274376735
0.7440384692310185
0.7102642694288607
0.7530710688376494
0.7264499633868196
0.7537715326991851
0.7444701245241678
0.7605217867783244
0.7120920100428153
0.6832848961005106
0.7266178313726283
0.7119079832773088
0.7228251632752168
0.7361921369217017
0.6940618696208076
0.7302657725773253
0.7018985097864918
0.6859637328611419
0.7464300453975429
0.7132709031457672
0.7215676795456883
0.6751152782359969
0.7196926383779424
0.7514205515314343
0.7143787506734036
0.7528204303577329
0.7029765535463623
0.7423544421452339
0.7106244909334388
0.7323392762345614
0.7096562985698831
0.746807243611256
0.7580562449159893
0.7471071332683701
0.7213489861759698
0.7116006735960125
0.7529250029433026
0.7256629100787281
0.7438399450909043
0.7431061880666464
0.716864153307146
0.6832451914179929
0.7281740461053664
0.7058893952564779
0.7072020621070997
0.7008366215229633
0.6934837946939497
0.7138615866484679
0.7279472284997409
0.7066149043135386
0.7107151235161977
0.7167308811510196
0.7301939350696296
0.7271704545524074
0.6839541614292763
0.730425703320406
0.7236155259499564
0.7241905874302429
0.727424693268347
0.7227191627025759
0.7504790110911855
0.7180187162839388
0.7212764340513996
0.7122409954992366
0.7513565469596699
0.7059350577792456
0.7180934050966093
0.6999671862295574
0.7359849050678188
0.7109782738238637
0.695177506643453
0.7200428169628993
0.6989650112624431
0.7154028265886577
0.7242250675467184
0.7251439368235262
0.7223548555277394
0.7109558868738163
0.725522423475107
0.696574798755016
0.7460054506622364
0.7286429323194382
0.7460210960474039
0.7255176657965342
0.7244353587700632
0.7234039866900863
0.7218466597565356
0.7093656449283868
0.7217149748794777
0.7263698888629769
0.7170577665463932
0.7245134252099642
0.7196206348460432
0.712209837197509
0.7353191985062975
0.7129060061033637
0.7346768867928598
0.721135692178455
0.7153007688636104
0.6912602398421258
0.7071505512844869
0.701525089288235
0.7237802803226115
0.7034025668120888
0.7213695562259151
0.6989587238171892
0.7337284231708464
0.7200859653527815
0.7163242644756213
0.7518419904263807
0.7283315800520773
0.7453112725254165
0.716589605720725
0.7118597901314321
0.7296859270140328
0.7239919575448541
0.7289830977435982
0.7264921599131778
0.7357358152959118
0.7000687678690329
0.7269711714105493
0.7174412213341459
0.7000644167129898
0.7260202023410824
0.7195928007428697
0.7093168704420613
0.7431559717212136
0.7149735422045939
0.7207592417505044
0.706541423828075
0.7262076375998644
0.7019492132975943
0.7028836902016968
0.6918178261240843
0.730516514249179
0.7497706690144239
0.696234572129848
0.6949622301355116
0.7154109279008238
0.7548052285591347
0.7018744959610892
0.7243113943286933
0.7137626609509107
0.713596643499519
0.7098431213910726
0.7724508658992594
0.7207619601843105
0.6986050105623239
0.7346916217475492
0.6916593431260206
0.7145105596146364
0.70294751566628
0.7073969741802664
0.7048427155861309
0.7320235200456614
0.7217186874448449
0.7229259918281475
0.7419608599136024
0.7346814644496591
0.6938190689493149
0.7123912225404225
0.7306899163570207
0.7297797278254218
0.7250594230127553
0.7236536694328277
0.7079410998691913
0.698206443350269
0.71199275197676
0.7003926174726715
0.729676330242993
0.7081544565125426
0.7095705462164219
0.7195736988618544
0.7192261388516779
0.7222936153616472
0.7170523368716196
0.7087067288686179
0.728170062071546
0.7184573247244055
0.7331194532235974
0.7068728687786665
0.7164450922560925
0.7415477786631188
0.7204629187461123
0.7245255671266427
0.7239868639273219
0.7227046264206332
0.7178580892505518
0.7293055402869513
0.7150857582130897
0.7223228410501913
0.7112482823320098
0.7324968137255858
0.7072395064115576
0.7248793513259839
0.7228559157061617
0.6998664280920276
0.7338143061386885
0.7101076118125267
0.7236931908511542
0.6931160154007138
0.7205394244119597
0.7395786905747832
0.6991209208726598
0.7148901016061898
0.7592591710048211
0.7074740091773649
0.7206597816671463
0.7322408384164206
0.755138271270736
0.6950495129029981
0.7260518269377407
0.7462692039971458
0.7193263515968914
0.7230199104223455
0.699524689735214
0.7014085309314495
0.6931625008207826
0.7063275435925055
0.7395267832641567
0.7210261614749457
0.7076862964688202
0.7182469640540224
0.7498936159345847
0.7574059366820609
0.7314333865190951
0.7085249408431595
0.7293116426193783
0.730633128287855
0.697706203317017
0.7136956372184372
0.733891822543946
0.6937136186127952
0.7044215439571391
0.7130971323939238
0.7298919918067596
0.694978378693488
0.7181959791955236
0.7453072761010414
0.7309604957478297
0.7255445350910135
0.7388693080898049
0.736383957532472
0.727715660816212
0.7131238374631631
0.717744185253953
0.7161763568048828
0.7147329457812572
0.7496801568137891
0.7469859993001027
0.6848503667442479
0.7429818892035931
0.735975450535875
0.7113799491083144
0.700677118500886
0.7441945391871361
0.7029124492774551
0.7176221681400844
0.700167688598261
0.7298033696190557
0.700311674094084
0.6982482011081521
0.711975358696172
0.7145307449775656
0.7010172873466242
0.7056599075011262
0.7148868049016709
0.7117711027473727
0.7230622928734499
0.7406033311797777
0.7225004612057725
0.701211374760944
0.7077216640070267
0.7275571927304393
0.7319518774410779
0.7019165129659557
0.7105320582995398
0.7054450457672589
0.7275347301514888
0.7299260387522892
0.7294343469378629
0.7434311995226823
0.6872472194625171
0.7088864330179022
0.6982273963946956
0.707895419662079
0.7189053695665767
0.7253623736801804
0.6988095804094817
0.7349711810830986
0.7178514607326024
0.7189322891442992
0.7273291800970856
0.7268253539128163
0.7675675208303182
0.7070989188926673
0.7159759570933133
0.7168451082805724
0.7392691281440501
0.7531481741390981
0.7031428694168255
0.7375783698327051
0.7131498522277127
0.7099991482336697
0.698942946859396
0.7269935685186201
0.7129918280118489
0.7177604312296388
0.7220930062227388
0.7071218535504966
0.7280118479035008
0.7000190119846416
0.7099565064160523
0.7419612016887243
0.7377574005059984
0.7374713159902261
0.7002080574279909
0.723593698199504
0.7274230343028032
0.7256356165424985
0.7160139716768896
0.75805824646672
0.7283100425372556
0.7180357298389914
0.7109397359599118
0.7146122684048689
0.7193641496815848
0.7482178004745317
0.7362449978704703
0.7258278110234724
0.70919147190686
0.7037155970231525
0.7034912504030923
0.7202984769382662
0.718350963443364
0.7237456523453831
0.705309072120676
0.7231183517821538
0.7314925650037517
0.6949627484268779
0.7027948066171295
0.7226103501601752
0.7217405519994025
0.7336106742577968
0.722487048709454
0.745561950397744
0.734954122065359
0.745983478251595
0.7107161712341352
0.7356090141127353
0.7333448138089136
0.7479252050343156
0.7267583494616306
0.7490347648106539
0.7025162439027236
0.7254294690171889
0.6723372258540338
0.7200860391256584
0.6841160952325142
0.735267831113554
0.7148498137655226
0.7437011551698689
0.7015276615590131
0.7275595712982329
0.7239857599543394
0.7291057125255206
0.7077658064116193
0.726566297264471
0.7100788950367551
0.7564883771480274
0.7135315299638121
0.7117747298730107
0.7107081046120423
0.7077491523724727
0.6993541793307928
0.7072862253808856
0.7127176892564011
0.7537124695851326
0.7272602550538189
0.7027381910429193
0.7369475311685777
0.7353893601377719
0.7321052577172652
0.7152744677214168
0.712321055954766
0.7244106037577096
0.6849645222610746
0.7285600434162262
0.7234513884754413
0.7018998447091517
0.6967474680201577
0.7243762717714928
0.7263345541675191
0.702987627807025
0.7142189912684523
0.7040074010275603
0.7211178590912343
0.7340440361878215
0.7278041765759874
0.7217599807247951
0.7123538031099592
0.6966972765701238
0.7258642425262336
0.7484497248117393
0.7133620875318344
0.7042999527043105
0.7121957348497663
0.7186535327465583
0.729184718601237
0.7060751966048855
0.7288819394924255
0.7296880934464751
0.7307764768581269
0.6874791565687852
0.7285439956340748
0.7254976821161748
0.7241831813024342
0.7334669897762912
0.7039715773471605
0.7167970166971974
0.716122636506268
0.7411577938524483
0.6776274139200268
0.7276740390467591
0.7044244916335843
0.755586046641315
0.7319933576234596
0.7116378824699902
0.7180055885401863
0.7151432464630887
0.724473550771701
0.6829195397636864
0.7165918954498299
0.704958798613203
0.6879438604820101
0.7155545863832157
0.7434393737715876
0.7213909786004604
0.7112904861889836
0.6813942597316321
0.6931317655746562
0.7245876938338975
0.675934033084449
0.7073513221103996
0.7026656703043744
0.7184851142968379
0.7149553157186819
0.7001958930484042
0.7319639514986066
0.7130885251331411
0.7244439392816169
0.7034035258048019
0.7415017666917885
0.7037139832815832
0.698585282599591
0.686583010436071
0.7191063746302034
0.7093701908490662
0.6992666908686161
0.7057035863947172
0.7234352242057215
0.7509530706670556
0.7149471307433081
0.7218393813795114
0.7431869199067023
0.7009927611611279
0.7327759825196006
0.7621171319886414
0.7172714151184705
0.7028336157783072
0.7125445220251212
0.7733153571060516
0.7143721627703217
0.71048915727157
0.6889699051874513
0.6917520306894352
0.7122565517197254
0.7546670205752113
0.7286234170550753
0.7229329187884875
0.7029089722534184
0.7104850054654036
0.719222685281794
0.7243209754024759
0.7042542911230502
0.7332087180306298
0.723746936422794
0.7359108648155377
0.717108539716567
0.7119650343412027
0.7063134561838638
0.7163640027674154
0.7111678675296222
0.7165125260535657
0.7089375590855161
0.7349941443288533
0.6997758525360267
0.7337411263013548
0.7028332478261194
0.740034047353718
0.724230798243869
0.7304102075384081
0.72179847809654
0.7420380947895475
0.7191036131528176
0.7447920722375899
0.6881685516854612
0.7195488450130337
0.721967027523771
0.7141630148671695
0.7528761490602186
0.696797924617987
0.7141741280190759
0.6993838352405332
0.7242794681911671
0.7324726806405767
0.7276272236479429
0.6864571777741281
0.7163088379450954
0.7300292934831567
0.7212659311736415
0.7258194432590124
0.7372833953766688
0.7418536116651114
0.7136933365000865
0.7305895857287089
0.7139458511748235
0.74850539538768
0.7245679729533198
0.7352007904249717
0.7194743284077892
0.7139861894169413
0.7254102229509247
0.733729951159447
0.7217742695379028
0.7298337832693358
0.7016638473354642
0.7292850733629503
0.738089478045126
0.6915936809925256
0.7158206103760681
0.723487875122786
0.7282205970286304
0.72673248565323
0.738072848517761
0.6988679258101238
0.724201044909262
0.6982511178527417
0.7156829888660711
0.7222498516944021
0.7373852087016518
0.7137615539751697
0.7257531326059159
0.7164747842145062
0.7148070402499094
0.6946485965638097
0.7217968193237727
0.7236195026618191
0.7383179817958456
0.7093253701849583
0.7303621967028533
0.7036218332576702
0.7126790398327509
0.7240524494543733
0.7229869588178867
0.7226143754844498
0.7109198638543669
0.7032441221808288
0.6774803772596448
0.7193106707448299
0.7395393856102421
0.6994450442274236
0.6930506666746409
0.7029309568218898
0.7211572684413505
0.7010855018751169
0.7116846421731416
0.7421940347932191
0.7077802760451719
0.7302887809017081
0.75451769771412
0.7358829483254616
0.7058281035042697
0.7282600333541156
0.7083715525639305
0.7478683055639965
0.6989716723408007
0.7010562136162337
0.6860290434873972
0.7413501111847202
0.7004792309307367
0.7225487239918137
0.7343047970146459
0.6976324127126932
0.7275872556447289
0.7072364806359845
0.7184001525097298
0.7323499881450102
0.7444938278317597
0.7294585016618464
0.7173267761159438
0.7229087059896608
0.725215765723721
0.7533768273550258
0.7095079267944134
0.7022922515529098
0.7034537197474738
0.7388667342784434
0.7141312138411287
0.7291878285024634
0.7250247274208901
0.7295826756096072
0.7239683424910106
0.7001098989309257
0.708870517584501
0.7219844981055675
0.7331924119155778
0.7178845932410685
0.740397624415437
0.7378373630934965
0.7226084847417046
0.6953082961176177
0.7134640577658252
0.7177745455706879
0.7270119033336757
0.6766404321260312
0.7175091497507847
0.7217862863007056
0.7462065603625495
0.7299841661477234
0.7213295345138379
0.7393103631877631
0.7397512076174324
0.7180502733688676
0.718208050712261
0.7130492722410265
0.710729126167554
0.7368140855864654
0.6913237083221769
0.7354927290903011
0.7351182927662068
0.7188971718180455
0.7193909309688044
0.7115948872351776
0.6929226621934202
0.7193707760644136
0.725769745191923
0.6804481501400813
0.7437541899367178
0.725808344646169
0.7232517782077723
0.7235096845646657
0.7447228587838971
0.7556455783021094
0.7255503746949492
0.7179223307951211
0.7370944842581111
0.7247385643690301
0.7036884244015397
0.7474765521466645
0.7050517375407576
0.7350699664798188
0.7320385150410351
0.731206457203449
0.7318741604369284
0.7064747802515071
0.7333568534596002
0.7064516765383692
0.7082031328272221
0.7284308850317137
0.7411648844785717
0.7116281766686241
0.7152268099963205
0.742908964513459
0.7147513535875385
0.7086619686700631
0.716017366866233
0.6990446046163129
0.7100008000781265
0.7177524727398207
0.7040241999421727
0.7175654312915889
0.7154925382631693
0.719202998500708
0.6974260716544993
0.7087990773717466
0.7086356374738484
0.7309462157912846
0.7231571892737635
0.7026427023913833
0.7356131298983428
0.7288295628301638
0.7222070391555943
0.7441465549967619
0.7133294450424378
0.7328624057750183
0.7121093103515733
0.7050473561339173
0.7350426390282067
0.7112751068285526
0.6999105094923588
0.7130771653970226
0.6978481079637417
0.7260918336188972
0.7103745721000685
0.7216921493558045
0.7576013198020599
0.7232747870287441
0.7225021979351993
0.7269209387018873
0.7275695336468714
0.7235883637239976
0.7373418302538685
0.7381731633234127
0.7340282051159118
0.7189835700053223
0.7168579061294312
0.726754771627478
0.6884300235198815
0.7164668318266196
0.6963724286236934
0.714830688627626
0.6979742697913596
0.6982636553997976
0.7316459578185948
0.7194579739821828
0.7434345507630272
0.7004700499109607
0.7305530971942087
0.7011011426308296
0.7282468787879575
0.7103664460367607
0.7244097892346464
0.7194538985115896
0.7124041401361522
0.7332235895258866
0.7174693564760098
0.6917651732259541
0.718091459378778
0.6943020272829435
0.7207165247574288
0.7579072809725088
0.7195305128812454
0.7050433989342029
0.7183058006827766
0.7350029722353774
0.7276494536670685
0.7041167455723952
0.6971495137644126
0.7238394222554111
0.7233119455801528
0.7227721824011509
0.7571823452633025
0.6948122221966285
0.7126824078001688
0.7108179280491705
0.7231974230776442
0.7382748391318236
0.715751408774819
0.6972690357130392
0.7328986672344391
0.7157545387990435
0.7232119896549746
0.7630477325807176
0.7138199275848629
0.7105845056517198
0.7352881925499483
0.6944489392366656
0.7489697308415076
0.7145219558671835
0.7075748933080709
0.7356714945209523
0.7407593991217959
0.7218948896179397
0.7392428651167317
0.7248596725559241
0.7089461113140324
0.7090278029599745
0.7135265060307544
0.7062880485048618
0.7028650797927608
0.7223880466171498
0.7064150815061794
0.7188498279933568
0.6967886894128176
0.720950758729791
0.7233934704062788
0.7158360412000502
0.7153495884508374
0.7111283149055616
0.7146585369387505
0.7230355944741553
0.7136627613462326
0.7361131469298392
0.687988120928701
0.7624416134024591
0.720185421792323
0.7089661675377453
0.7031325256516794
0.7129229722800737
0.6952738806524562
0.6847658674042373
0.7032370820810995
0.734062901782842
0.7200513359230404
0.712074749877324
0.7229141513652825
0.7226413220269076
0.6868108098899085
0.7168735906649203
0.695984865609223
0.7059297702767827
0.7382543560966454
0.6969932906402055
0.7300719256478235
0.7229425746320791
0.7697862214883877
0.7008123006461221
0.6935369710670148
0.6896651099679252
0.7107325623012556
0.6868974620030409
0.7299717775002378
0.7255827217997186
0.707474212779189
0.6874603865168327
0.7008840591671497
0.6918757057759427
0.7209962039740822
0.6907550869904687
0.7202972634343714
0.7078594178763563
0.7180509707809034
0.7166496666798288
0.7454508078654337
0.7076313138932997
0.6965138725704243
0.6874595297659998
0.7088509315826793
0.7331003375740813
0.7122061194101803
0.7266533939645126
0.7023844623966973
0.7256515328093653
0.6970423011971132
0.7334918726166509
0.7000884105205127
0.7362257693820118
0.6852012396213671
0.7187588843441521
0.7246997171287267
0.7251605027085544
0.7499200503100554
0.712052065359947
0.7003818047678632
0.7415012512860856
0.7058450916140137
0.6923310851841381
0.7083612466049274
0.7250591701418656
0.723394281789356
0.7029398011039342
0.7298381363892786
0.6973429176167919
0.6822506226951993
0.7353176593175397
0.7086025615525509
0.7574180296877441
0.7332027209398426
0.7254188349515006
0.7223900357175851
0.762798599558001
0.7382045028624962
0.7192281539292977
0.6998050438195887
0.7225204213132793
0.6993571749630466
0.7239871197444542
0.7287188889636849
0.7056134858822343
0.7078584057380339
0.7030776577217568
0.7227682713275616
0.7147835465662072
0.7099907351356876
0.713481499196596
0.7317786935241395
0.7335706846532474
0.7093549612561816
0.7038833981491432
0.7160933645493275
0.6950477950915042
0.7287531022814348
