-1.9125421512134495E-17
2.8290391287680234E-17
-6.577022756162526E-16
0.043152159499491916
-8.11281802065258E-16
1.3044396103859998E-16
-0.02067427373226218
0.09525325955495446
-2.721121598152519E-15
0.006464640191379343
2.3154454499527663E-16
0.0605606038522687
0.061074068638783265
-2.2714661058393907E-15
-0.003206297698736033
0.5535948818581494
-5.83577453346033E-16
-1.2013563007220863E-15
-3.1765931269758122E-15
0.0719989786221834
0.10758139819420334
-3.9706560792517635E-15
0.025309204200935884
0.011593281481129735
-2.9014604468569868E-15
-1.7677185765739283E-15
0.03410791547184236
-1.0055979470310599E-16
-2.131058209909035E-15
-0.0095371625640989
0.1083089041368536
-4.3727969668343226E-16
0.007125809928622858
-1.0994748885567661E-14
7.904560831061432E-16
-2.7936633102486303E-15
-5.2904329886057875E-15
2.7624536911094164E-15
0.0010771964236925729
0.04949573987272931
2.160428070250921E-15
4.113215783707759E-15
6.7879859119773414E-15
-1.0019313370922805E-14
-7.351600415725317E-16
0.06114235926708066
0.02117822377219465
0.07066458938233831
0.014479800510746401
-4.926445130852341E-15
-1.0420025442785716E-15
0.08319582071702551
7.951519779644883E-15
2.371444812941066E-15
0.008720458817622066
0.016788239539172786
4.967773607769603E-15
0.3204750216958625
5.337414506813387E-15
9.30423986679439E-15
3.1124884376253276E-15
0.11605404163355228
-0.04617322751232948
0.12786820693613157
