0.09767457956889643
0.07101783721886662
0.2702061754643745
0.3406921908333931
0.12326661189842834
0.14287682019854714
0.16944845203053188
0.2317512281005735
0.6126323228186774
0.03930418924847219
0.37566504596117156
0.29578259339359797
0.2147623373456683
0.1438589485719703
0.2717014883970078
0.505226489464673
0.1570755733333659
0.06681512574351316
0.28861607348617657
0.23303506954577174
0.2558752692780394
0.03936344130476038
0.12132104138962015
0.10547142700462928
0.0030092395094297743
0.012707485361284056
0.215470359239409
0.2023315243480366
0.1082443083594257
0.06709362143809743
0.2973379458833839
0.20180280538192613
0.06365436361024837
0.36813757937403646
0.037989107297025135
0.03997613142022997
0.053445112576664594
0.2111147911133463
0.29634579970271047
0.1359678260995176
0.08053702781880225
0.16880743157522182
0.3031638781648805
0.15638523929651912
0.12723304737231717
0.1766069588555091
0.0942865770724507
0.23861797228684103
0.23790099606788387
0.14062548870567768
0.17287536485390728
0.12547287637081925
0.286775455649242
0.04231186292715457
0.10967464358940625
0.07646849144497869
0.12796090519262718
0.575491070914725
0.08748425910019576
0.08269663078164179
0.04251152972435923
0.28268173558888826
0.11408562022266122
0.1728932789254587
