281.6488276853919
820.3559766679344
240.22238859961726
264.6994039060837
263.5959620864949
205.04438712767558
151.51693399887517
132.35406651617996
770.3558563908246
262.7891594092113
261.1955568013612
120.71822327109165
155.11256804752156
136.33464078346364
157.26226735505443
204.31286926035636
205.8053885524946
251.66500983743572
377.5501028949957
200.0615734003618
186.50162591199933
402.7500004057474
163.70352190593547
165.82819306997263
674.2044470507244
733.7386565376655
129.98818764635084
395.1535010410862
403.52690858634196
258.4634366943307
268.4588511912419
428.6193052634626
223.07526100002178
691.598082966244
834.2880758941792
694.7633190109227
396.47284510012105
220.49233237166027
121.7951022378232
263.9651637951295
247.8131096946078
265.7020566572719
146.77904565297504
155.99471060721697
189.6466500344941
427.47461114154066
224.67838988001859
198.65767795468855
127.87691390341813
174.3839246767402
161.57744735260786
154.2297075529481
282.33512863928144
430.98352737965615
149.855315665323
266.76886778774497
156.2118536906346
70.13949930528179
382.18268979623826
194.0427323180029
438.63846337457653
153.8846422594259
816.252597894767
130.4498538515727
