0.09767457956889641
0.07101783721886665
0.2702061754643738
0.383844350332885
0.12326661189842754
0.14287682019854725
0.1487741782982697
0.327004487655528
0.6126323228186746
0.045768829439851534
0.3756650459611718
0.35634319724586666
0.2758364059844516
0.14385894857196801
0.2684951906982718
1.0588213713228223
0.1570755733333653
0.06681512574351196
0.2886160734861734
0.30503404816795515
0.36345666747224276
0.039363441304756414
0.14663024559055604
0.117064708485759
0.003009239509426873
0.012707485361282288
0.24957827471125135
0.20233152434803653
0.10824430835942357
0.057556458873998524
0.4056468500202375
0.2018028053819257
0.07078017353887123
0.36813757937402547
0.037989107297025926
0.03997613142022717
0.05344511257665931
0.21111479111334905
0.29742299612640305
0.1854635659722469
0.0805370278188044
0.16880743157522593
0.30316387816488727
0.1563852392965091
0.12723304737231642
0.23774931812258976
0.11546480084464533
0.30928256166917933
0.2523807965786303
0.14062548870567274
0.17287536485390623
0.20866869708784475
0.28677545564924994
0.04231186292715694
0.11839510240702832
0.09325673098415146
0.12796090519263215
0.8959660926105875
0.0874842591002011
0.0826966307816511
0.04251152972436234
0.3987357772224405
0.06791239271033174
0.3007614858615903
