24.191872211223444
26.75530774678623
35.02977725667802
51.77106124250304
25.910462802904174
23.34797699156161
23.637238135873304
41.85809761531573
16.796989863095405
9.038278052394162
92.22452448349061
39.59911002309127
39.841497090418855
14.250272703925171
45.3507524445733
66.53273095084432
27.731180340895662
13.040886145473147
56.16533821942812
55.262649966607114
28.064152022515373
14.052833183521216
22.414383941602864
15.677764320655843
1.7843084744708904
7.949065223427169
28.35028057228131
42.889465496191406
27.790136894709576
15.030295459579065
52.275464440320015
39.34951066999383
14.216425949250151
32.355934663857624
19.976868558311253
10.930131024109869
9.582707850377119
36.382175293043474
34.1222210775583
27.181228572203207
17.570244792386802
40.82519876843556
42.650683393000506
16.103290183038915
23.979650589142693
103.9205303018498
25.884648632536482
34.201568009362745
27.111551354525243
24.33895033238514
26.405995955936667
31.831041189920505
26.480274195096474
17.74873332300558
18.030493424895393
22.278384735798074
17.86304651798564
60.76546738489692
10.132309398934012
13.46747448503993
16.25563732107912
58.9220449336397
58.14154275220062
31.193116061617427
