-4.736951571734001E-15
1.0658141036401503E-14
-8.526512829121202E-14
5.82015363846573
-1.7053025658242404E-13
2.1316282072803006E-14
-3.28472815031098
12.192860915194501
-7.460698725481052E-14
1.2766159037376212
5.684341886080802E-14
6.729877358529117
8.821469085227585
-2.2500519965736507E-13
-0.5415665465769507
34.78601804610062
-1.0302869668521453E-13
-2.3447910280083306E-13
-6.181721801112872E-13
13.043967968323813
8.306851913639633
-1.4175327578413999E-12
3.868848598946508
1.5526176685972501
-1.7204015989591426E-12
-1.105782132526656E-12
3.8744116429249167
-2.1316282072803006E-14
-5.471179065352771E-13
-2.4905349284648346
13.957703027876713
-8.526512829121202E-14
1.4312418875755402
-9.663381206337363E-13
4.156675004196586E-13
-7.638334409421077E-13
-9.485745522397337E-13
4.760636329592671E-13
0.12358269196364328
7.254012462115004
4.713266813875331E-13
9.947598300641403E-13
9.549694368615747E-13
-1.0317080523236654E-12
-1.3855583347321954E-13
26.725403248748677
4.747688273780209
7.814342155504008
1.5554664240394185
-8.526512829121202E-13
-1.5916157281026243E-13
12.690976811716254
7.342274936187702E-13
9.947598300641403E-13
1.3280462804335713
4.01059371847369
6.934897101018577E-13
21.73499046352633
6.181721801112872E-13
1.5152323840084136E-12
1.1901590823981678E-12
17.149555787284932
-39.53008536845111
13.261697414891794
