24.19187221122345
26.75530774678622
35.0297772566781
45.950907604037305
25.910462802904345
23.347976991561588
22.43497190515357
35.59828404014547
16.79698986309548
7.761662148656541
92.22452448349055
32.869232664562155
31.020028005191268
14.250272703925397
38.243599159291875
42.32895053965827
27.731180340895765
13.040886145473381
56.16533821942874
42.2186819982833
19.75730010887574
14.052833183522633
18.545535342656358
14.125146652058593
1.7843084744726108
7.949065223428275
24.475868929356395
42.88946549619143
27.790136894710123
13.140622791032925
57.476642118664955
39.34951066999392
12.785184061674611
32.35593466385859
19.976868558310837
10.930131024110633
9.582707850378068
36.382175293043
33.99863838559466
19.9272161100882
17.57024479238633
40.82519876843457
42.650683392999554
16.10329018303995
23.97965058914283
51.46341803540074
28.18261381167503
26.387225853858737
25.556084930485824
24.33895033238599
26.405995955936827
19.14006437820425
26.480274195095742
17.748733323004586
13.918705953718186
27.401686525986577
17.863046517984948
39.03047692137059
10.132309398933394
13.467474485038414
16.25563732107793
41.77248914635477
48.835814060325866
21.51770237607076
