0.8924841789416855
0.9158575216306831
0.8985693217821971
0.9392102919524827
0.9387867698140144
0.9269374444481262
0.9365608440413588
0.9345179868984766
0.9477028971995577
0.9375255721473542
0.9290867607180978
0.9264000082307708
0.9381942178653215
0.9373039673011132
0.9472613364669362
0.9559132323024628
0.958667688750478
0.9203229728186474
0.9571173024207899
0.9487633760694414
0.9232898260428132
0.9307238245652215
0.9520079070150723
0.9460507025543268
0.9116527976352302
0.9503023893503912
0.9378457671427629
0.9436828899961848
0.929115390971233
0.9398424558899097
0.9433078205926898
0.9528030287514262
0.9521110400934427
0.9423333901737659
0.9602484343137334
0.932719326854605
0.9662681732026849
0.9596176750179071
0.9097207305636086
0.9192326689066806
0.9500108293388594
0.943947513115037
0.9321881560559405
0.9393602533214662
0.9410798555750741
0.9123635300209451
0.8985796080023309
0.9488167682587905
0.9192355243627978
0.956288683578917
0.9495318495197378
0.9461175760372924
0.9458524616008394
0.9571378499606334
0.9342050493509996
0.9392297179762096
0.9517348880113156
0.8540207032453329
0.8647079841202333
0.9544862632398317
0.9182559364287638
0.9559738423955642
0.9588939661234404
0.9336722861810215
