5.134281430775264
13.017670368680301
38.93652969524319
115.44313460958611
160.04985530850547
193.6900604391127
221.90091841838188
236.28968211602907
327.16267798771867
349.3343086113979
372.91375671836585
404.57172518779737
439.5186549626159
498.4388514071666
506.6073179188794
534.6907472926019
554.6166838285977
628.9514989778748
642.72632784857
646.8808022178412
696.4274584751889
748.676387338699
783.1056670813431
774.3816984309921
750.290494030891
846.4039169922838
851.7503471961189
869.045124645901
1044.0551301304379
947.3954297494691
1015.8441604784682
1088.7695790992825
1044.8402978212603
1100.1645137972237
1147.9274630109485
1228.2694072441213
1227.8708209651898
1262.910626716509
1180.662811873638
1282.5982899087485
1405.3821445464055
1449.4834401315418
1463.7140515706287
1462.2226433414592
1523.3650630783372
1702.8937268451898
1652.7416443121565
1614.2321758847665
1566.5795505929511
1514.180623067943
1675.7944478306406
1618.907541020294
1761.2308342853532
1676.1436620615686
1742.9654273669923
1795.3763266732994
1903.5610149584604
1986.6131039708125
1896.4175362011988
2070.838706205243
2112.735939063649
2137.6528603579077
2231.8424652511276
2261.0324868589855
