19.944460173759385
28.013608396036634
54.20950666568655
131.05313128106212
175.25984496511742
208.61800323513438
236.39250568533993
251.6894711423434
342.7803072755693
364.22527200668765
387.86215142355087
419.87343885334366
454.40053506314246
513.4397968207057
521.546948214839
549.6778912116447
569.1648488044291
644.1056333295385
657.8919642451323
661.2422999017808
711.4607613906331
763.8119734630891
797.9509061756557
788.5771260650292
764.2031689343113
861.4996787666889
866.5834890716382
883.3845738653343
1059.9349940489276
961.5228471522844
1030.6725641537528
1103.8621014504038
1059.766152415264
1115.0350954102562
1163.2037395224845
1243.7523497122431
1242.3296132979692
1277.7661859132622
1194.4573557225701
1297.8581588286402
1420.662790969638
1464.5026531314136
1478.267521592627
1476.7034220421924
1537.79917149063
1718.8898468043128
1667.848269624518
1628.333358439058
1580.8900527651804
1527.8588660399125
1690.9521210518335
1633.0210394568944
1776.8268759085668
1690.6673376217261
1758.3011003048516
1810.4537327875523
1919.2510104216767
2002.2756567141014
1910.7322816483145
2086.2491891202526
2128.4247962344275
2152.7433800726344
2247.473073722828
2276.307417148005
