4.95039529417884
12.720598124121787
36.65262760339665
111.13430188869035
158.05684560365896
192.43221611088268
229.4558437184606
229.42335916798027
317.6441310725436
351.90184957967136
370.8430140785665
391.8988502709341
443.33523231681426
498.30322023227626
513.950629865917
545.6601613090681
584.7534396940955
611.1478226238797
649.0088228618656
683.7580061171992
684.3519517738576
736.6067701469996
803.5144814882608
825.735574842991
786.6259308673536
852.5197222304333
861.6493681340563
915.0733780223445
977.3864011992504
1008.4248771098595
1033.9656373719642
1099.7583342997627
1066.395469873904
1115.460613997045
1154.5175142433222
1183.8892945106554
1312.9201585259602
1305.2744425857152
1245.7950882951577
1236.1901721251188
1397.9809175074013
1457.5850690714724
1500.0759551247234
1517.6574255272835
1589.1338849348595
1554.0349893302243
1572.9468713676572
1737.8520423465595
1610.0685298827568
1693.7775387691972
1679.6458699095917
1736.410725285788
1709.012643389274
1767.3768977123439
1698.8229831852966
1789.4545395243085
1847.4808955977358
1733.161890465403
1832.9042771589704
2052.200034856099
1978.5072139123167
2166.7009563678907
2190.6763536604585
2211.2712332602205
