0.9913922085883777
0.9503046501571645
0.954527245926172
0.9798303400498181
0.9490033833682617
0.9324676661483897
0.9094961343313059
0.9535194758039697
0.9899166115248478
0.9240844287410851
0.9317273310561336
0.9561741727114886
0.9200561429311914
0.9519901076600692
0.9240098877273083
0.9471553221077864
0.9030899042070392
0.9539703589570021
0.9454387759920332
0.8983190406040442
0.9359334424203234
0.9483168585424593
0.9262106258901486
0.8904279937863356
0.863459836501829
0.9520004515024415
0.9187853146086148
0.9017887433622298
0.9913209348526385
0.8846169622933886
0.9248051128891364
0.9444719474281112
0.9280970248019135
0.9378907672229618
0.9547593627447265
0.9594640960042284
0.9154917328678336
0.9224906242295272
0.8554303839796189
0.9537283315946615
0.9661657729814536
0.930273252778915
0.9083897223749458
0.9026695653027993
0.9107332410056438
0.9897649759135793
0.9379783079252955
0.8983855348861924
0.8877218957266694
0.8613174070193
0.9420540350152861
0.8868106262454457
0.9659590829451605
0.915042783951764
0.9566119180824135
0.9460634099039642
0.9805868614765738
0.9707227597164423
0.8970901534254203
0.9708741874986663
0.9701021162807512
0.9575872465175279
0.9721372549318574
0.953613344538229
