14.537494209166233
14.995938027356333
15.27297697044334
15.609996671476011
15.209989656611894
14.92794279602173
14.491587266958046
15.399789026314354
15.617629287850662
14.890963395289674
14.948394705185114
15.301713665546215
14.881880100526551
15.000945413539156
14.939630295959429
14.987143919042682
14.548164975831543
15.154134351663679
15.165636396562192
14.361497683939609
15.0333029154443
15.135586124390125
14.84523909431282
14.195427634037031
13.912674903420587
15.095761774405256
14.833141875519443
14.339449219433645
15.879863918489843
14.127417402815468
14.828403675284262
15.092522351121566
14.925854594003832
14.870581613032652
15.276276511535821
15.482942468121529
14.458792332779375
14.855559196753616
13.794543848931891
15.259868919891488
15.280646423232591
15.019212999871984
14.553470021998683
14.480778700733724
14.434108412292934
15.996119959122552
15.1066253123614
14.101182554291656
14.310502172229508
13.678242971969492
15.157673221193315
14.1134984366008
15.596041623213715
14.523675560157663
15.335672937858897
15.077406114252343
15.689995463216242
15.66255274328894
14.314745447115975
15.41048291500959
15.688857170778634
15.090519714726991
15.63060847169995
15.274930289019043
