19.23014215724581
27.374318470212714
51.02973675191183
126.16166655993008
173.07743392068323
207.26321522205268
244.44081722312237
244.37564695835587
332.80737742773647
366.90225873402915
385.70840225005605
406.7212504026265
458.34633980265943
513.3000837090941
529.1068112493881
560.9547730259076
600.092122714103
625.8729901889781
664.3226997005983
698.9382201343103
699.1245889905426
751.4983513400431
818.7466080005017
840.8723860838604
801.212375629517
867.7245604600395
876.6549004083404
930.1723042622832
992.25224745479
1023.4623564040979
1049.0585625014476
1115.0031827597852
1081.629246515399
1130.537948239825
1169.8814891923423
1198.8128037403292
1328.3804492972033
1320.6283253860015
1260.3506199841756
1250.897894827626
1413.181090776823
1472.6882292813127
1514.9909656216182
1532.6871895804265
1604.19116262406
1568.6328058105598
1587.3241450956946
1753.0331106387
1624.7762982725612
1709.0781577064597
1694.8383795019072
1751.5486065023842
1724.1462827748874
1782.6911033117137
1713.7702639749132
1804.4822150119285
1862.7086538059166
1746.8262217173285
1846.739604904894
2067.471815067937
1993.1993088951767
2181.9965378462193
2206.0186571184336
2226.209989839117
