0.8442680916363602
0.8010516578290744
0.8284892850715208
0.8804239560838693
0.819177888203937
0.8895498725338532
0.8615108065456422
0.9417293969639314
0.8407548083301872
0.6976202931105527
0.8470770712153401
0.7781039021090612
0.8392965828195899
0.8134679540045567
0.786361573756053
0.7670902800592719
0.8321904237730513
0.8987402872933604
0.8648587454780692
0.848634521836591
0.8769056471152573
0.7741388770164669
0.7819312879820318
0.9304498483846331
0.936530474186192
0.9138544610785699
0.7045199486915357
0.8787161713353203
0.8498725619995423
0.9501335740854134
0.7849565322971281
0.6614348562172109
0.7953676589002175
0.881347712113903
0.8942249272055228
0.8090706348246555
0.782654303821081
0.7527002656334627
0.8504698167915817
0.9002300519268073
0.8934345106961118
0.8355525906605844
0.8077216248883715
0.8212443727956295
0.7780039492275532
0.7850785750405409
0.8107853263745964
0.732677901115195
0.9036865841390832
0.906959488840482
0.8599446966249618
0.8211434998118703
0.7898880424939756
0.9545180045875562
0.9032240488336348
0.8309644609090664
0.8548011886670126
0.9266870655547137
0.8586759549131451
0.8470866562396037
0.8744772337983664
0.83489080120236
0.8117767757418399
0.8459471490870747
