35.26343526871489
42.36750966537043
24.546572570920446
36.04542479533414
28.753168554506065
38.161983331087
27.99249964291431
43.85743224021868
37.37271679138128
17.046323290038462
26.656159801206293
21.73661262537957
24.068920508952786
27.292085601363688
23.203586321765286
27.32317598551149
33.38763922035793
69.12168925665617
89.79332676669755
60.65221515920002
92.20141440638517
21.842276347764695
23.08832540825547
107.74175921422581
108.76438423287155
42.197520123439475
32.15715956164759
28.616847026607118
25.84126519132792
44.90657638068515
25.892834432124502
19.108995504417564
37.975361736501355
30.44930112467317
73.44538702986746
27.00832242147753
32.27365519203134
30.19466757205099
24.025889454544483
50.50323831060388
35.95226721274213
30.932372817411164
23.67359094552137
52.726461071363985
22.088478343166287
28.629351080170295
40.28152184850177
33.20022636508901
59.94883900245799
34.05226177987433
37.35687461566482
27.4478517550792
24.711506790578028
119.57945108461163
83.53606449489138
36.22492748094311
34.109596162044085
119.57337306513094
53.33401487290001
33.99636614958965
35.877826358630955
32.05426357498885
33.5882820892015
37.264175444269455
