9.876568614371122
12.17912398368556
8.096849742290626
10.58397444724438
8.629848935936488
10.940703512621255
8.939859903611143
13.214997635822108
11.35743800376411
5.230781405863398
8.188260077840638
6.473828685219665
7.5067396656899525
7.953297697421692
6.599675189936763
7.538392494344389
9.271702048367931
21.09090908250846
25.97028914952257
16.900913216793548
27.765257122830135
6.462654350135281
6.302246775842887
31.61632386575789
38.4336147050196
13.74247645554051
8.731546461593556
8.940055868148296
7.738866277096923
14.15081804936955
7.966361154518693
5.266559428895436
10.418314406844747
10.291008467971597
20.941863795501792
8.449863981388495
9.730184240315134
8.202506783298524
8.073319218973051
15.713983969020234
11.728227048154258
9.571627577776061
7.1327085292594825
15.090088213143394
6.878171790963721
8.168783101553043
10.669313748140906
9.481477965916653
18.39047438973195
11.74821052199274
11.16827386362095
8.421146858804441
6.990502926326429
34.261229050001106
26.59526675050079
9.65579162051442
10.72711049631177
36.61388562761217
16.924414845947837
10.398640087459691
10.039074578221399
9.552150988629299
9.787380780867785
10.967115831079068
