14.162731114361026
22.861184965254477
6.964919081894033
15.056448528761674
9.647652282607064
16.44227293216044
9.10955422405143
21.9798019538484
18.00663798680256
1.1322521615706265
7.353065991628652
3.4486091155880105
5.231616240423038
7.75193192485912
3.8503822743706055
7.860750920497244
12.4104643277247
48.50346335070168
68.86133773690916
39.3337845721657
71.81753738154588
3.5274043817410736
3.036049979882312
85.54632220964068
90.21218382565515
22.555009186484178
13.994566769108149
8.927640786689084
5.976278477548735
23.800325111420456
8.033583021009601
2.3095097961561373
17.681232219461464
12.195020821966066
51.49238057438178
8.906080266270466
14.101974000222807
10.799043244215781
6.309129750247427
30.25046660387349
16.780829540514386
12.030742114589295
4.907690324581429
32.63982129267854
4.599170524202991
9.368950957344651
18.853933039291196
15.241475018500024
39.328124019685156
15.65046746750192
17.22180932235509
8.712829315418213
5.165664735833783
96.25906254552373
63.676798493471075
14.402647171783158
15.083180476287591
98.38879584439246
34.39235833881134
14.610650788138216
14.001268441828852
12.442694535772894
14.087323085680122
17.143601880544203
