3.305330045800188
3.235956975337953
2.8432655645145752
3.140002713339751
3.157303340539773
3.2268631705870323
3.0566805378036186
3.1362703324542345
3.0199626125176593
3.1122364933013387
3.1153766241477854
3.309353671778993
3.0826350705999346
3.2135425414142063
3.087825863766639
3.3017160140746995
3.3647770613890344
3.0314941251632916
3.0184834309418207
3.4373785178981393
3.0292840946922652
3.15028358204583
3.3778178783966553
3.289674712676714
2.706082072234395
2.8979071562076086
3.411229544610066
3.126637888327423
3.2113187748136767
3.051547387833793
3.185639276853891
3.3548925519860404
3.4986995856003347
2.7615828514093295
3.419839641716436
2.9239228975138616
3.26879976009387
3.575523444792452
2.8929448116194862
3.0958077100979153
2.9403560778514333
3.1465169773089485
3.0676054462811067
3.162225496769338
3.0998078183719997
3.3394819540612275
3.5141985242646854
3.127684183470052
3.0310024944046745
2.736883050609862
3.2207121536039836
3.0340846914805866
3.3902392037579716
3.38052953101743
2.947977690184075
3.2755478578104373
3.0698900560915376
3.055290337270435
3.016457843959188
3.0553077780917874
3.4570541593136284
3.069070231860138
3.2753248278196736
3.124217586563276
