20.539088454428093
19.506324700115947
17.72009170547544
20.826271024195933
19.105516271899006
21.71971039892657
18.88294541886288
21.877630286370277
19.36607880457872
16.039378775148684
19.153457423456885
18.432003537427715
18.837304268529746
19.38867961699678
19.4290989652276
19.386695784605624
20.97717489263324
20.618225905954496
20.931989029788372
21.31843058703432
20.38387702483928
18.31487196602362
20.052275428373157
22.195437004585116
18.55220040721639
19.642510936955304
18.305605334212977
19.536576734182237
19.864986713779185
21.106251269264707
17.859251411114904
16.998689096106418
20.05906237977688
18.254280302707105
21.95300645548569
18.244779495011848
18.31476529568104
19.097230107406972
17.716759704297054
20.252771706730393
19.17143767222774
18.975754744793722
18.765900620939938
20.08663977868544
17.421256037566554
19.260400122825644
21.42758880921057
17.958751346588983
20.620714982772835
18.473958211636614
20.056718735748213
18.735022439660987
19.545842054744245
23.320388539087904
19.859266001420302
21.822280309159947
19.02641568575649
21.184577220738475
18.941656534088672
19.461737774633598
21.79143512335151
19.688477153095235
19.42507978560884
20.12057356372525
