3.966691972916599
6.571762378882039
2.2974247467899795
4.421006754657295
2.8956037185089305
4.713854404884284
2.9092842577916467
6.622891857074588
5.4721543454527986
0.3474393540895299
2.258720579333258
1.0271013704562362
1.6316635859528235
2.259022019389795
1.0951441736443923
2.168760533929485
3.446369081956573
14.799727071454937
19.916277931176086
10.960471563937412
21.626917593023332
1.0436822110200135
0.8287277599686647
25.103174927065457
31.877901385716253
7.345495227990523
3.799906820752807
2.7890426688010534
1.7897583431001272
7.499883030771658
2.471665428438796
0.636515435374959
4.850740794543223
4.121574483174276
14.682289305063131
2.7863695376159066
4.251604113567567
2.9336049238642854
2.1200305014319776
9.412373605532585
5.474185473281475
3.722759443151972
1.4786571550408814
9.341377603573987
1.432144146370848
2.6732330762692564
4.993816463518732
4.352732658110286
12.064668300758367
5.399494100109368
5.148660987246217
2.6731423601213495
1.4612866288686006
27.579603017888214
20.272698408665345
3.839040394150953
4.743502175642682
30.127076168729175
10.91368316155582
4.469033493782466
3.917733941632832
3.7079153802127793
4.104943350674905
5.045485787469547
